1
10
0.5 2 10 30 49 0.5 2 14 50 80
0.0259746224289258 0.140950716975706 -0.0106356838704600 -0.091313179668969 0 0 0 0 0
0.140950716975703 450.65100415558 -41.3266399387651 -2.85197181886085 0 0 0 0 0
-0.0106356838704597 -41.3266399387651 3.84460928502727 0.410815121210345 0 0 0 0 0
-0.091313179668963 -2.85197181886096 0.410815121210358 380.122555043602 0 0 0 0 0
0 0 0 0 7.4732207957463 0.00994150073919632 0.00620521162461398 0.560265301589899 0.0932598794829405
0 0 0 0 0.0099415007391964 4.59098739211148 0.000273456448252548 0.7501255599511 5.79551065302434
0 0 0 0 0.00620521162461405 0.000273456448252678 7.22465784264383 0.544640999207076 0.767290952362679
0 0 0 0 0.560265301589899 0.7501255599511 0.544640999207076 185.961307242497 9.32951905038995
0 0 0 0 0.0932598794829404 5.79551065302435 0.767290952362679 9.32951905038995 632.13278356165
2
10
0.5 2 10 30 49 0.5 2 14 50 110
0.0260045634717167 0.110569617148521 -0.00523689774633654 -0.0914726153583138 0 0 0 0 0
0.110569617148522 480.827474604831 -47.0011820905678 -2.27673437900097 0 0 0 0 0
-0.0052368977463364 -47.0011820905678 4.75884301819351 0.506778128431252 0 0 0 0 0
-0.0914726153583097 -2.27673437900102 0.506778128431257 379.860873426186 0 0 0 0 0
0 0 0 0 7.49045954379273 0.0061177113523294 0.00622689953207717 0.551388487706102 0.0883945225052176
0 0 0 0 0.00611771135232931 5.22641587909515 0.000174269923319324 0.468630222271855 5.23003964603116
0 0 0 0 0.00622689953207709 0.000174269923319374 7.21471415800527 0.540205725744773 0.800099253825823
0 0 0 0 0.551388487706102 0.468630222271855 0.540205725744773 188.732940829035 8.43288102617525
0 0 0 0 0.0883945225052179 5.23003964603116 0.800099253825822 8.43288102617525 620.031206078367
3
10
0.5 2 10 30 49 0.5 2 14 50 150
0.0260246777707435 0.09437837422303 -4.28946353851717e-05 -0.0920798822883158 0 0 0 0 0
0.094378374223024 492.023300114498 -51.8174180836407 -1.22018867451569 0 0 0 0 0
-4.28946353845969e-05 -51.8174180836407 5.88043914787779 0.546238433654965 0 0 0 0 0
-0.092079882288314 -1.22018867451552 0.54623843365496 379.703803962853 0 0 0 0 0
0 0 0 0 7.50205163319107 0.00445720238408174 0.00630985205428148 0.541420951925305 0.0881950519767931
0 0 0 0 0.00445720238408182 5.47263839475246 5.0055486695388e-05 0.380085508979444 4.93774741862373
0 0 0 0 0.00630985205428149 5.00554866952867e-05 7.20874893719305 0.535804033640529 0.823228105334112
0 0 0 0 0.541420951925305 0.380085508979444 0.535804033640529 189.784976509752 8.01447806070531
0 0 0 0 0.0881950519767932 4.93774741862373 0.823228105334112 8.01447806070531 616.037436443249
4
10
0.5 2 10 30 49 0.5 2 14 80 110
0.0260178679398252 0.0942818963119038 -0.00381153499507701 -0.0901940942896918 0 0 0 0 0
0.0942818963119032 500.282942070936 -48.7955142499957 -3.22769893713985 0 0 0 0 0
-0.00381153499507697 -48.7955142499957 4.90651844593354 0.706338300114205 0 0 0 0 0
-0.090194094289694 -3.22769893713998 0.706338300114217 379.204919463252 0 0 0 0 0
0 0 0 0 7.49812604997362 0.00444809432760019 0.00605404813061696 0.551112934167582 0.0796278111413913
0 0 0 0 0.00444809432760019 5.65792002311234 0.000350254519215246 0.323657835812748 4.67811749342849
0 0 0 0 0.00605404813061681 0.000350254519215299 7.18981854725657 0.535839737658384 0.867698221476417
0 0 0 0 0.551112934167581 0.323657835812748 0.535839737658384 190.581350840027 7.53867239959985
0 0 0 0 0.0796278111413915 4.67811749342849 0.867698221476417 7.53867239959985 613.864026270819
5
10
0.5 2 10 30 49 0.5 2 14 80 150
0.026034169053754 0.0816060224633 0.000568264601322463 -0.0908021356715589 0 0 0 0 0
0.0816060224633019 508.562117000941 -52.7270471549497 -2.19985599820409 0 0 0 0 0
0.00056826460132237 -52.7270471549497 5.90807461712568 0.727932441535506 0 0 0 0 0
-0.090802135671559 -2.19985599820408 0.727932441535503 379.03234330774 0 0 0 0 0
0 0 0 0 7.50752467535653 0.00333243580106489 0.00613594972040151 0.542807080970248 0.078677753277056
0 0 0 0 0.00333243580106488 5.84673521925428 0.000162699498800335 0.267877964846005 4.40880904468056
0 0 0 0 0.00613594972040159 0.000162699498800338 7.18327586366783 0.531666793764893 0.892028178809132
0 0 0 0 0.542807080970248 0.267877964846006 0.531666793764893 191.374096721802 7.17696903230246
0 0 0 0 0.078677753277056 4.40880904468056 0.892028178809133 7.17696903230246 611.233602216313
6
10
0.5 2 10 30 49 0.5 2 14 110 150
0.0260450228482582 0.069865765136601 0.0023146413626166 -0.0905284321108815 0 0 0 0 0
0.069865765136603 520.360374043634 -54.8768978557047 -1.90766957670105 0 0 0 0 0
0.00231464136261649 -54.8768978557047 6.11354090654387 0.942295533286067 0 0 0 0 0
-0.0905284321108841 -1.90766957670108 0.942295533286063 378.65513465764 0 0 0 0 0
0 0 0 0 7.51378584049704 0.00244256544961276 0.00609901446262306 0.541322804100493 0.0711292971001805
0 0 0 0 0.00244256544961283 6.12116164427729 0.000122350012050163 0.199579514214248 3.97123972357068
0 0 0 0 0.0060990144626231 0.000122350012050206 7.16898555012978 0.525408510215237 0.938661872311327
0 0 0 0 0.541322804100493 0.199579514214248 0.525408510215237 192.520555970373 6.43084994142237
0 0 0 0 0.0711292971001807 3.97123972357069 0.938661872311327 6.43084994142237 608.526328483581
7
10
0.5 2 10 30 49 0.5 2 50 80 110
0.0260130621393154 0.097660368633658 -0.00467411001204246 -0.0847385233779856 0 0 0 0 0
0.0976603686336555 499.178913127952 -48.0400500743092 -9.25453371615077 0 0 0 0 0
-0.00467411001204219 -48.0400500743091 4.7691825675442 1.42849626670729 0 0 0 0 0
-0.0847385233779835 -9.2545337161508 1.42849626670730 376.790540348447 0 0 0 0 0
0 0 0 0 7.49535632494593 0.00477258958287536 0.00534381542761346 0.554029402832741 0.0824192327094168
0 0 0 0 0.00477258958287529 5.63297567856979 0.00287943177647907 0.332852839702785 4.6959459396722
0 0 0 0 0.0053438154276134 0.0028794317764791 7.09855556480374 0.540899966706422 1.06336004139272
0 0 0 0 0.554029402832742 0.332852839702785 0.540899966706422 190.484081799093 7.58825211730905
0 0 0 0 0.0824192327094168 4.6959459396722 1.06336004139271 7.58825211730905 614.415786964474
8
10
0.5 2 10 30 49 0.5 2 50 80 150
0.0260308364118621 0.0836036468279474 -7.6851970805764e-05 -0.0862225222219528 0 0 0 0 0
0.0836036468279446 509.092674616275 -52.0799807775715 -7.55632008726687 0 0 0 0 0
-7.68519708051617e-05 -52.0799807775715 5.82243067126808 1.22093613113076 0 0 0 0 0
-0.0862225222219578 -7.55632008726709 1.2209361311308 376.685667408117 0 0 0 0 0
0 0 0 0 7.50560271734941 0.00349758126853937 0.00553262342837627 0.545170882831913 0.0807905395201638
0 0 0 0 0.00349758126853918 5.85894080000273 0.00191963386104207 0.265301062307326 4.37899924092213
0 0 0 0 0.00553262342837627 0.00191963386104195 7.09460460153494 0.538469168964008 1.08134410876196
0 0 0 0 0.545170882831913 0.265301062307326 0.538469168964008 191.433592430597 7.17956236817498
0 0 0 0 0.0807905395201638 4.37899924092213 1.08134410876196 7.17956236817498 611.131024730727
9
10
0.5 2 10 30 49 0.5 2 50 110 150
0.0260416568713339 0.0720508460980338 0.00165347995802337 -0.0863321369418961 0 0 0 0 0
0.0720508460980319 520.68155353133 -54.1420454588749 -6.81574158063391 0 0 0 0 0
0.00165347995802369 -54.1420454588749 6.03737298610717 1.38284043538141 0 0 0 0 0
-0.0863321369418957 -6.81574158063373 1.38284043538139 376.165467457987 0 0 0 0 0
0 0 0 0 7.51184384984328 0.00259773915679744 0.00554669962207477 0.543474760696302 0.073511122790022
0 0 0 0 0.00259773915679749 6.12872024554206 0.00156179468534350 0.198383329028075 3.94946210446952
0 0 0 0 0.00554669962207485 0.00156179468534343 7.07502294539428 0.53134813490615 1.14319327747786
0 0 0 0 0.543474760696302 0.198383329028075 0.53134813490615 192.560462731291 6.46529114095836
0 0 0 0 0.073511122790022 3.94946210446951 1.14319327747786 6.46529114095836 608.396207278317
10
10
0.5 2 10 30 49 0.5 2 80 110 150
0.0260442322749802 0.0672280534190293 0.00153261578032261 -0.0843761533215751 0 0 0 0 0
0.0672280534190256 527.83804868063 -54.2467103002339 -8.09839335892753 0 0 0 0 0
0.00153261578032303 -54.2467103002339 5.98460780187268 1.71126461737747 0 0 0 0 0
-0.0843761533215724 -8.09839335892764 1.71126461737747 374.629246571207 0 0 0 0 0
0 0 0 0 7.5133296989776 0.00226161378929435 0.0052982092925663 0.545565081804297 0.0686575441746611
0 0 0 0 0.00226161378929429 6.29835012332876 0.0022049332393632 0.162749905562384 3.65224723037377
0 0 0 0 0.00529820929256637 0.00220493323936314 7.01735361932552 0.523547860882751 1.29154512606797
0 0 0 0 0.545565081804298 0.162749905562384 0.523547860882751 193.267860648374 5.99223901291393
0 0 0 0 0.0686575441746612 3.65224723037377 1.29154512606797 5.99223901291393 606.983771526835
11
10
0.5 2 10 30 49 0.5 14 50 80 110
0.0260034423828325 0.108870988177884 -0.00467455928543305 -0.0798978259258425 0 0 0 0 0
0.108870988177884 486.341576366099 -47.8994323269602 -15.1378481757209 0 0 0 0 0
-0.00467455928543291 -47.8994323269602 4.85555327671539 1.27947000485978 0 0 0 0 0
-0.079897825925843 -15.1378481757207 1.27947000485978 374.612597741857 0 0 0 0 0
0 0 0 0 7.48981371176956 0.00593118813847516 0.00475072169775133 0.554884151682003 0.0912772312150488
0 0 0 0 0.00593118813847516 5.34697569643989 0.0077041725212925 0.426579748951248 5.04539281145579
0 0 0 0 0.0047507216977515 0.00770417252129255 7.01672991934513 0.555182202366485 1.20497130163192
0 0 0 0 0.554884151682004 0.426579748951248 0.555182202366485 189.261634685079 8.13464852206434
0 0 0 0 0.0912772312150485 5.04539281145579 1.20497130163192 8.13464852206434 619.008244361663
12
10
0.5 2 10 30 49 0.5 14 50 80 150
0.0260246270246186 0.0913117797981972 0.000279797099732785 -0.0824707659633943 0 0 0 0 0
0.0913117797981947 499.820802714588 -52.3469988581506 -12.4921148336331 0 0 0 0 0
0.000279797099733108 -52.3469988581506 5.9059896688872 0.840549690976575 0 0 0 0 0
-0.0824707659633932 -12.4921148336329 0.84054969097657 374.680169723889 0 0 0 0 0
0 0 0 0 7.5020223763694 0.00417225636843852 0.00506162215095662 0.544999522552694 0.088774543892845
0 0 0 0 0.00417225636843847 5.6474717763158 0.00524649960801995 0.325249713079802 4.67299868690806
0 0 0 0 0.00506162215095657 0.00524649960801997 7.01926147921611 0.552877661288456 1.21441364493654
0 0 0 0 0.544999522552695 0.325249713079802 0.552877661288456 190.538605406474 7.6233692911434
0 0 0 0 0.0887745438928449 4.67299868690806 1.21441364493654 7.6233692911434 614.184784809832
13
10
0.5 2 10 30 49 0.5 14 50 110 150
0.0260369683379174 0.0779606425087044 0.00208975999621319 -0.0830631790961005 0 0 0 0 0
0.0779606425087021 513.612511766972 -54.4651378818421 -11.2218000906790 0 0 0 0 0
0.00208975999621343 -54.4651378818421 6.13212821179361 0.908229934421168 0 0 0 0 0
-0.0830631790960975 -11.2218000906791 0.908229934421184 374.100859188716 0 0 0 0 0
0 0 0 0 7.50913923234325 0.00304136252112485 0.00513460173918098 0.543124972759194 0.080597745620025
0 0 0 0 0.00304136252112486 5.96343655778581 0.00423372616438898 0.237693809206023 4.20635944044255
0 0 0 0 0.005134601739181 0.00423372616438902 6.9975726422868 0.544606143472088 1.28616878097563
0 0 0 0 0.543124972759194 0.237693809206023 0.544606143472088 191.868788828196 6.8571187625239
0 0 0 0 0.0805977456200252 4.20635944044255 1.28616878097563 6.8571187625239 610.48241612636
14
10
0.5 2 10 30 49 0.5 14 80 110 150
0.0260390825521676 0.0734952890582199 0.0019977880538676 -0.0805535429902873 0 0 0 0 0
0.073495289058219 520.640400635818 -54.5496677967895 -13.0110723192775 0 0 0 0 0
0.00199778805386776 -54.5496677967895 6.10378979369483 1.20637033996778 0 0 0 0 0
-0.0805535429902893 -13.0110723192776 1.20637033996780 371.949758505621 0 0 0 0 0
0 0 0 0 7.51035877323083 0.00270293981200518 0.00482901950114528 0.545395485612287 0.0763258367017779
0 0 0 0 0.00270293981200519 6.12775149750369 0.00569146265741298 0.199124253840065 3.92888253120676
0 0 0 0 0.0048290195011453 0.00569146265741295 6.91733114261948 0.537026797515354 1.48166413164119
0 0 0 0 0.545395485612287 0.199124253840065 0.537026797515354 192.558429315992 6.4293394082114
0 0 0 0 0.0763258367017775 3.92888253120676 1.48166413164119 6.4293394082114 609.002062935958
15
10
0.5 2 10 30 49 0.5 50 80 110 150
0.0260186793519897 0.0944457369253768 0.00022577088980179 -0.0643972558573524 0 0 0 0 0
0.094445736925373 499.978892022266 -52.6344342511801 -30.5780331301635 0 0 0 0 0
0.000225770889802165 -52.6344342511801 5.96065119738871 2.4996325370563 0 0 0 0 0
-0.0643972558573518 -30.5780331301634 2.49963253705630 360.278995823689 0 0 0 0 0
0 0 0 0 7.4985937412981 0.00446356732417865 0.00308620228340811 0.549778470690206 0.0959278515925608
0 0 0 0 0.00446356732417864 5.65104484126992 0.0314352416218765 0.3256587865283 4.53254487544073
0 0 0 0 0.00308620228340807 0.0314352416218765 6.49004774158628 0.57804496794314 2.24896371902478
0 0 0 0 0.549778470690205 0.325658786528300 0.57804496794314 190.558174586290 7.4436949066712
0 0 0 0 0.095927851592561 4.53254487544073 2.24896371902478 7.4436949066712 617.207104399012
16
10
0.5 2 10 30 49 2 14 50 80 110
0.0260162447856936 0.0952058198344306 -0.00397386835190934 -0.0876407861787439 0 0 0 0 0
0.0952058198344287 500.92655847631 -48.646369621158 -6.87271978875751 0 0 0 0 0
-0.00397386835190924 -48.646369621158 4.89303627518491 0.85536536138768 0 0 0 0 0
-0.0876407861787507 -6.87271978875777 0.855365361387706 379.295460171458 0 0 0 0 0
0 0 0 0 7.4971905210005 0.00453570044955541 0.00571613128858653 0.552345108489854 0.0806767583534478
0 0 0 0 0.00453570044955536 5.67248727001901 0.0015880164026511 0.320302207399973 4.64864244279106
0 0 0 0 0.00571613128858653 0.00158801640265097 7.19325230533389 0.547050441555426 0.83266286890934
0 0 0 0 0.552345108489854 0.320302207399973 0.547050441555426 190.650915111728 7.49964096973651
0 0 0 0 0.0806767583534479 4.64864244279106 0.83266286890934 7.49964096973651 613.718755008823
17
10
0.5 2 10 30 49 2 14 50 80 150
0.0260330809224626 0.0820166826375629 0.000445067343437640 -0.0886746290142607 0 0 0 0 0
0.0820166826375606 510.039508106271 -52.527707672355 -5.67060846789441 0 0 0 0 0
0.000445067343437806 -52.527707672355 5.90843773700533 0.719008339499596 0 0 0 0 0
-0.0886746290142634 -5.67060846789453 0.7190083394996 379.232767430042 0 0 0 0 0
0 0 0 0 7.50689711533858 0.00336605934806720 0.00585178587209227 0.543858726602306 0.0793453889951422
0 0 0 0 0.00336605934806712 5.88075451028725 0.00108107800931879 0.25924206801471 4.35056415081307
0 0 0 0 0.00585178587209235 0.00108107800931876 7.19087459463242 0.545406228835314 0.843426992764452
0 0 0 0 0.543858726602305 0.259242068014710 0.545406228835314 191.525653320592 7.11426798525438
0 0 0 0 0.0793453889951423 4.35056415081307 0.843426992764452 7.11426798525438 610.758707313909
18
10
0.5 2 10 30 49 2 14 50 110 150
0.0260438491583410 0.0706177600806729 0.00219048530307997 -0.088835463779593 0 0 0 0 0
0.0706177600806757 521.447089317803 -54.5716297443862 -5.0617004839474 0 0 0 0 0
0.00219048530307987 -54.5716297443862 6.13288978645598 0.823593687615787 0 0 0 0 0
-0.0888354637795985 -5.06170048394713 0.823593687615778 378.943172137542 0 0 0 0 0
0 0 0 0 7.51310865499206 0.00249542916557267 0.00587303262887136 0.542083653689226 0.0721121959638182
0 0 0 0 0.00249542916557273 6.14675508347464 0.000861371692351527 0.194117528424411 3.92330780721743
0 0 0 0 0.0058730326288714 0.000861371692351554 7.17989638548315 0.540440246735008 0.88028277126226
0 0 0 0 0.542083653689226 0.194117528424411 0.540440246735007 192.636631602437 6.40261598044194
0 0 0 0 0.0721121959638184 3.92330780721744 0.88028277126226 6.40261598044194 608.097658573988
19
10
0.5 2 10 30 49 2 14 80 110 150
0.0260473278433804 0.0651434077247394 0.00222777491684366 -0.0876707137525998 0 0 0 0 0
0.0651434077247386 529.098906317826 -54.7816585560556 -5.80184128634669 0 0 0 0 0
0.00222777491684384 -54.7816585560556 6.10950572064142 1.00781146000496 0 0 0 0 0
-0.0876707137526023 -5.80184128634679 1.00781146000498 378.093156062776 0 0 0 0 0
0 0 0 0 7.51511584555725 0.00212352958991556 0.005720035843932 0.543686307982182 0.0666730911674918
0 0 0 0 0.00212352958991552 6.3284760594013 0.00113169500092768 0.156344906634253 3.60526422758142
0 0 0 0 0.00572003584393206 0.00113169500092767 7.14772173307556 0.535306985803369 0.965834315068868
0 0 0 0 0.543686307982181 0.156344906634253 0.535306985803369 193.394154697895 5.89727875049457
0 0 0 0 0.0666730911674919 3.60526422758142 0.965834315068868 5.89727875049457 606.518181887275
20
10
0.5 2 10 30 49 2 50 80 110 150
0.0260412608389546 0.0708584755080327 0.00141555959529763 -0.0824835385939374 0 0 0 0 0
0.0708584755080352 524.615489794232 -53.8762810811625 -11.6862012058804 0 0 0 0 0
0.00141555959529767 -53.8762810811625 6.02263205703742 1.54669766384546 0 0 0 0 0
-0.0824835385939379 -11.6862012058803 1.54669766384547 374.764916168856 0 0 0 0 0
0 0 0 0 7.51161537661009 0.00251247054675641 0.00506319010622806 0.545442724006712 0.0729719983713692
0 0 0 0 0.00251247054675639 6.22167946214122 0.00459139257975044 0.178969463973128 3.77328997947933
0 0 0 0 0.00506319010622802 0.00459139257975032 7.02243711955248 0.543421826381823 1.22918945292964
0 0 0 0 0.545442724006711 0.178969463973128 0.543421826381823 192.956968681601 6.21086599243832
0 0 0 0 0.0729719983713693 3.77328997947933 1.22918945292964 6.21086599243832 607.715815089573
21
10
0.5 2 10 30 49 14 50 80 110 150
0.0260346165615910 0.0792216115912025 0.00197380414517074 -0.0779141548322754 0 0 0 0 0
0.0792216115912006 514.423503508603 -54.3531370108967 -17.6192819707586 0 0 0 0 0
0.00197380414517084 -54.3531370108967 6.12808051602223 1.04025152840560 0 0 0 0 0
-0.0779141548322793 -17.6192819707589 1.04025152840562 371.721021027002 0 0 0 0 0
0 0 0 0 7.50778277500982 0.00314054279913616 0.00451775207238809 0.544958797672649 0.0828003455199728
0 0 0 0 0.00314054279913619 5.98228390256407 0.0104369624466902 0.233677015261226 4.14317530634656
0 0 0 0 0.00451775207238813 0.0104369624466901 6.90882587366786 0.563000509774899 1.42719814221578
0 0 0 0 0.544958797672649 0.233677015261226 0.563000509774899 191.954975718219 6.77123057816334
0 0 0 0 0.0828003455199727 4.14317530634656 1.42719814221578 6.77123057816334 610.853633772518
22
10
0.5 2 10 30 158 0.5 2 14 50 80
0.0258597479302417 0.0743426629694336 -0.00321918865180535 -0.114850740195605 0 0 0 0 0
0.0743426629694352 569.24382776688 -63.7861118170445 5.57834702419572 0 0 0 0 0
-0.00321918865180524 -63.7861118170445 7.92063167826672 -1.82753429357462 0 0 0 0 0
-0.114850740195595 5.57834702419574 -1.82753429357459 378.400272531101 0 0 0 0 0
0 0 0 0 7.4072653311928 0.00276562694345392 0.00981651337597253 0.686428929188286 0.0175536034340923
0 0 0 0 0.00276562694345389 7.32524364778939 0.00104618566466183 0.732035592311312 0.166606492434810
0 0 0 0 0.00981651337597243 0.00104618566466182 7.15933831258056 0.617949416953868 0.7531233610963
0 0 0 0 0.686428929188286 0.732035592311312 0.617949416953868 151.348058983574 8.48936363164392
0 0 0 0 0.0175536034340924 0.166606492434811 0.7531233610963 8.48936363164392 762.571597612134
23
10
0.5 2 10 30 158 0.5 2 14 50 110
0.0258698675247569 0.0707805874271539 -0.00295847011505997 -0.113547618284259 0 0 0 0 0
0.0707805874271513 570.416878426982 -63.9811724076602 5.29166649417224 0 0 0 0 0
-0.00295847011505998 -63.9811724076603 7.79530078412557 -1.57404910685855 0 0 0 0 0
-0.113547618284257 5.29166649417213 -1.57404910685856 378.201838389621 0 0 0 0 0
0 0 0 0 7.41306377814082 0.00250695013568265 0.00959501645613999 0.674319383717317 0.0302433327501370
0 0 0 0 0.00250695013568267 7.35546526892074 0.000941418306679172 0.666608268262108 0.227046182090548
0 0 0 0 0.00959501645614 0.00094141830667919 7.15183152806447 0.607590948201512 0.79316212842272
0 0 0 0 0.674319383717317 0.666608268262108 0.607590948201512 152.005887446773 11.4166055820965
0 0 0 0 0.0302433327501371 0.227046182090548 0.793162128422719 11.4166055820965 748.173955825192
24
10
0.5 2 10 30 158 0.5 2 14 50 150
0.0258824814425939 0.0674777787259527 -0.00096755496726307 -0.112777041848044 0 0 0 0 0
0.0674777787259508 571.121992184501 -64.7247759292575 5.29567020803654 0 0 0 0 0
-0.000967554967262832 -64.7247759292575 7.80006104278164 -1.16596876485761 0 0 0 0 0
-0.112777041848039 5.29567020803639 -1.16596876485758 377.983762571317 0 0 0 0 0
0 0 0 0 7.42029462879049 0.00227844697540379 0.00946522764122487 0.659176972014883 0.0449399180913623
0 0 0 0 0.00227844697540377 7.3736612428723 0.000942843413654752 0.628981923943781 0.259866240291508
0 0 0 0 0.00946522764122483 0.000942843413654781 7.14358623837849 0.59872029696346 0.830964116037906
0 0 0 0 0.659176972014882 0.628981923943781 0.598720296963459 152.493704595957 12.9925035813300
0 0 0 0 0.0449399180913624 0.259866240291507 0.830964116037906 12.9925035813300 739.887002035656
25
10
0.5 2 10 30 158 0.5 2 14 80 110
0.0258741059992889 0.0686733603872959 -0.00367056758633954 -0.111801697433497 0 0 0 0 0
0.0686733603872927 571.375375445479 -63.7013705869007 4.73938582073614 0 0 0 0 0
-0.00367056758633948 -63.7013705869007 7.85313016428214 -1.60447539242909 0 0 0 0 0
-0.111801697433511 4.73938582073546 -1.60447539242903 377.802770123316 0 0 0 0 0
0 0 0 0 7.41549306432903 0.00235990200289535 0.0093022168683779 0.66987762573313 0.0354882018738195
0 0 0 0 0.00235990200289534 7.38020547270158 0.000755164974940268 0.615326867328637 0.272023811899782
0 0 0 0 0.00930221686837788 0.000755164974940287 7.13674665564253 0.597197298520962 0.851862227860437
0 0 0 0 0.66987762573313 0.615326867328637 0.597197298520962 152.651410016252 13.6505842372095
0 0 0 0 0.0354882018738195 0.272023811899783 0.851862227860437 13.6505842372095 736.618250729019
26
10
0.5 2 10 30 158 0.5 2 14 80 150
0.0258862760730555 0.0654879037021639 -0.00174744743563418 -0.111066502132024 0 0 0 0 0
0.0654879037021644 572.056430103765 -64.4122723662012 4.76195552217923 0 0 0 0 0
-0.00174744743563423 -64.4122723662012 7.87500443152959 -1.19613213398366 0 0 0 0 0
-0.111066502132022 4.76195552217896 -1.19613213398362 377.544501284357 0 0 0 0 0
0 0 0 0 7.42247056699518 0.00214604857495852 0.00918027846808625 0.655579081709575 0.0489906735253931
0 0 0 0 0.00214604857495856 7.39780972766978 0.000762374529686468 0.580348911672186 0.300785782960655
0 0 0 0 0.00918027846808635 0.000762374529686477 7.12699252250269 0.588397001167044 0.892980248599262
0 0 0 0 0.655579081709575 0.580348911672186 0.588397001167044 153.186383286386 15.0394779102899
0 0 0 0 0.0489906735253932 0.300785782960654 0.892980248599263 15.0394779102899 728.896232763636
27
10
0.5 2 10 30 158 0.5 2 14 110 150
0.025893859951176 0.0626739929693473 -0.00172645751614941 -0.109793422135080 0 0 0 0 0
0.062673992969345 572.990335545736 -64.5569867632677 4.53271572307093 0 0 0 0 0
-0.00172645751614901 -64.5569867632677 7.70487208563404 -0.890424076953646 0 0 0 0 0
-0.10979342213508 4.53271572307083 -0.890424076953616 377.221659968595 0 0 0 0 0
0 0 0 0 7.42682031260955 0.00196558622336322 0.00897103000394426 0.64775774814232 0.0561210108613796
0 0 0 0 0.00196558622336323 7.42198389613637 0.000690740107595132 0.53385850004874 0.33695204966121
0 0 0 0 0.00897103000394434 0.000690740107595106 7.11480903747312 0.578154456410861 0.943503046114484
0 0 0 0 0.64775774814232 0.53385850004874 0.578154456410861 153.983409686941 16.7561057424532
0 0 0 0 0.0561210108613795 0.336952049661211 0.943503046114484 16.7561057424532 718.809064151791
28
10
0.5 2 10 30 158 0.5 2 50 80 110
0.0258708230636451 0.069591909603108 -0.00378227224713978 -0.108579494353628 0 0 0 0 0
0.0695919096031015 571.243960162625 -63.5636025511529 3.33557207172222 0 0 0 0 0
-0.00378227224713919 -63.5636025511529 7.93966396388686 -1.92080362958537 0 0 0 0 0
-0.108579494353622 3.33557207172182 -1.92080362958531 376.648789633832 0 0 0 0 0
0 0 0 0 7.41361141152416 0.00242345454210099 0.00877375080732183 0.673781015554099 0.0345279324532108
0 0 0 0 0.00242345454210107 7.37681099580588 0.000374057499954461 0.622189708314565 0.268021925466105
0 0 0 0 0.0087737508073218 0.000374057499954456 7.09321553663157 0.589310309538924 0.974441619611232
0 0 0 0 0.6737810155541 0.622189708314565 0.589310309538924 152.559925213950 13.5026979453682
0 0 0 0 0.0345279324532107 0.268021925466104 0.97444161961123 13.5026979453682 737.604460177759
29
10
0.5 2 10 30 158 0.5 2 50 80 150
0.0258833885932928 0.0662296668882022 -0.00191896934931538 -0.107936228776713 0 0 0 0 0
0.0662296668882009 572.020446598492 -64.2288160031759 3.38257344918679 0 0 0 0 0
-0.0019189693493151 -64.2288160031758 7.99052595037512 -1.52896512900791 0 0 0 0 0
-0.107936228776715 3.38257344918715 -1.52896512900793 376.291893793196 0 0 0 0 0
0 0 0 0 7.42081478319964 0.00219493928648178 0.00867010078090322 0.658937083669643 0.0485622985825053
0 0 0 0 0.0021949392864817 7.39687908258267 0.00038467342153984 0.582081324560811 0.301198703707553
0 0 0 0 0.00867010078090313 0.000384673421539818 7.0797794667235 0.580811604790631 1.02339496510868
0 0 0 0 0.658937083669643 0.582081324560811 0.580811604790631 153.156430839374 15.1333222929491
0 0 0 0 0.0485622985825055 0.301198703707554 1.02339496510868 15.1333222929491 728.673508549209
30
10
0.5 2 10 30 158 0.5 2 50 110 150
0.0258905840067952 0.0635242854168253 -0.00194964818755814 -0.106531059510663 0 0 0 0 0
0.0635242854168231 572.940430042078 -64.3366012069533 3.12819826822454 0 0 0 0 0
-0.00194964818755797 -64.3366012069534 7.84418974746352 -1.19867875757052 0 0 0 0 0
-0.106531059510663 3.12819826822453 -1.19867875757051 375.794236138428 0 0 0 0 0
0 0 0 0 7.42494123306875 0.00201928187562154 0.00844582655383248 0.651445328131613 0.0556228719596563
0 0 0 0 0.00201928187562151 7.42069109347877 0.000328992692506633 0.536185283148471 0.336947109497901
0 0 0 0 0.00844582655383247 0.00032899269250666 7.06106539574323 0.570632172133026 1.08895819462888
0 0 0 0 0.651445328131612 0.536185283148471 0.570632172133026 153.936910521159 16.8476237723146
0 0 0 0 0.0556228719596568 0.336947109497901 1.08895819462888 16.8476237723146 718.674177283611
31
10
0.5 2 10 30 158 0.5 2 80 110 150
0.0258915044085175 0.062499034621607 -0.00268557570465372 -0.104040693000264 0 0 0 0 0
0.0624990346216047 573.539317602283 -64.0501999874359 2.40477188376993 0 0 0 0 0
-0.00268557570465393 -64.050199987436 7.90887516376664 -1.17625458511987 0 0 0 0 0
-0.104040693000261 2.40477188377012 -1.17625458511991 374.79054551961 0 0 0 0 0
0 0 0 0 7.42546915087624 0.00195462742853763 0.00805556744833854 0.6512120836229 0.0570942656261483
0 0 0 0 0.00195462742853761 7.43621271514637 0.000194422033072442 0.50724939632405 0.358476099889605
0 0 0 0 0.00805556744833858 0.000194422033072556 7.02339765054436 0.560101822345264 1.20061270714162
0 0 0 0 0.6512120836229 0.507249396324049 0.560101822345265 154.492242324109 17.9316479300028
0 0 0 0 0.0570942656261484 0.358476099889606 1.20061270714162 17.9316479300028 712.134123451464
32
10
0.5 2 10 30 158 0.5 14 50 80 110
0.0258675985298759 0.0710952756537835 -0.00264714375122938 -0.106848707872163 0 0 0 0 0
0.0710952756537814 570.584270320513 -63.9985426360117 2.44208389289974 0 0 0 0 0
-0.00264714375122999 -63.9985426360118 7.75574008647756 -2.72805996941898 0 0 0 0 0
-0.106848707872160 2.44208389289948 -2.72805996941902 375.901499257055 0 0 0 0 0
0 0 0 0 7.41176346486201 0.00252929132979491 0.00849626823149265 0.677272163950467 0.03284420184973
0 0 0 0 0.00252929132979491 7.35978290384183 0.000200502073137597 0.657427712863704 0.238667424400195
0 0 0 0 0.00849626823149263 0.000200502073137556 7.06509685718512 0.591475426327986 1.03823093560081
0 0 0 0 0.677272163950466 0.657427712863703 0.591475426327987 152.111402360141 11.9975780302036
0 0 0 0 0.0328442018497297 0.238667424400195 1.03823093560081 11.9975780302036 745.465763028325
33
10
0.5 2 10 30 158 0.5 14 50 80 150
0.0258806171442221 0.067539821976535 -0.000863562157830206 -0.106274907067051 0 0 0 0 0
0.0675398219765414 571.449126254073 -64.6201142812751 2.5019006369761 0 0 0 0 0
-0.000863562157830593 -64.620114281275 7.8297720905955 -2.37518389626709 0 0 0 0 0
-0.106274907067057 2.50190063697599 -2.37518389626704 375.485153941331 0 0 0 0 0
0 0 0 0 7.41922570925813 0.00228263879226199 0.00840525964002834 0.661707369441078 0.0477277801259008
0 0 0 0 0.00228263879226201 7.38211080944639 0.000210444618526431 0.611585579290035 0.27804862645793
0 0 0 0 0.00840525964002839 0.000210444618526483 7.04945504151726 0.583223126430996 1.0917154123921
0 0 0 0 0.661707369441078 0.611585579290036 0.583223126430996 152.720106912856 13.9374093134022
0 0 0 0 0.0477277801259008 0.278048626457930 1.0917154123921 13.9374093134022 735.249989243881
34
10
0.5 2 10 30 158 0.5 14 50 110 150
0.0258877780444932 0.0648283719992841 -0.000892801817566872 -0.104778539725437 0 0 0 0 0
0.0648283719992804 572.391517496253 -64.6999936149191 2.21489524800976 0 0 0 0 0
-0.000892801817566503 -64.6999936149191 7.73175330414016 -2.07961062898183 0 0 0 0 0
-0.104778539725439 2.21489524801014 -2.07961062898186 374.870445706762 0 0 0 0 0
0 0 0 0 7.42333192396922 0.00210304033138278 0.00817023124439913 0.654092706244962 0.0551574512088127
0 0 0 0 0.00210304033138276 7.40647893813374 0.000164931683464756 0.563386249433097 0.317098586838996
0 0 0 0 0.00817023124439904 0.000164931683464781 7.02639255321932 0.573537024714583 1.16633194051108
0 0 0 0 0.654092706244962 0.563386249433097 0.573537024714584 153.461778028095 15.828076333454
0 0 0 0 0.0551574512088126 0.317098586838995 1.16633194051108 15.828076333454 724.707387614343
35
10
0.5 2 10 30 158 0.5 14 80 110 150
0.0258879532471679 0.0640896825965361 -0.00144790726734029 -0.101857403463598 0 0 0 0 0
0.0640896825965388 572.891439069165 -64.4592896803189 1.33032047869241 0 0 0 0 0
-0.00144790726734080 -64.4592896803189 7.80423872955156 -2.15420080512987 0 0 0 0 0
-0.101857403463596 1.33032047869281 -2.15420080512993 373.592383175295 0 0 0 0 0
0 0 0 0 7.42343240319971 0.00205538703122761 0.00772102338254613 0.654546230506976 0.0564930840033284
0 0 0 0 0.00205538703122769 7.41942209127814 5.94990816051039e-05 0.538535142436106 0.336465191183681
0 0 0 0 0.00772102338254602 5.94990816051117e-05 6.97856343832984 0.564949433145621 1.29761964726833
0 0 0 0 0.654546230506976 0.538535142436106 0.564949433145621 153.890252508219 16.8143747650911
0 0 0 0 0.0564930840033285 0.336465191183682 1.29761964726833 16.8143747650911 719.087851765472
36
10
0.5 2 10 30 158 0.5 50 80 110 150
0.0258754408150619 0.0686192922317793 -0.000600246593715986 -0.0937469495865405 0 0 0 0 0
0.0686192922317806 571.363686521622 -64.677844406718 -1.95035638869652 0 0 0 0 0
-0.000600246593715826 -64.677844406718 7.81643431677946 -2.97534889805366 0 0 0 0 0
-0.0937469495865386 -1.95035638869633 -2.97534889805366 369.395595384508 0 0 0 0 0
0 0 0 0 7.41625819781257 0.0023561874527907 0.00654039467235518 0.668063403844621 0.0511054017603528
0 0 0 0 0.00235618745279072 7.37990351437041 0.000127886783243351 0.615946965147862 0.274662408386008
0 0 0 0 0.00654039467235517 0.000127886783243388 6.82265529447375 0.587165163816993 1.61861133117004
0 0 0 0 0.668063403844622 0.615946965147863 0.587165163816993 152.650332637855 13.7769628211625
0 0 0 0 0.0511054017603527 0.274662408386008 1.61861133117004 13.7769628211625 736.50186748274
37
10
0.5 2 10 30 158 2 14 50 80 110
0.0258729653591699 0.0690389162147939 -0.00356602801633457 -0.110641381230829 0 0 0 0 0
0.0690389162147926 571.372026168658 -63.6462002035691 3.89531923314558 0 0 0 0 0
-0.00356602801633429 -63.6462002035691 7.91264086257448 -2.07874604386639 0 0 0 0 0
-0.110641381230828 3.89531923314539 -2.07874604386633 378.581729679385 0 0 0 0 0
0 0 0 0 7.41483926609148 0.00238509290614627 0.00911013564210435 0.671195384660486 0.0352583980689002
0 0 0 0 0.00238509290614628 7.38011895067161 0.000510133471023262 0.61547601628365 0.273032121769436
0 0 0 0 0.00911013564210433 0.000510133471023196 7.16620630235176 0.600652843001157 0.777734424611814
0 0 0 0 0.671195384660487 0.61547601628365 0.600652843001157 152.653730294087 13.7275144243366
0 0 0 0 0.0352583980688997 0.273032121769435 0.777734424611816 13.7275144243366 736.238905724066
38
10
0.5 2 10 30 158 2 14 50 80 150
0.0258852936936701 0.065783009328848 -0.00167261459080104 -0.109956436470764 0 0 0 0 0
0.0657830093288466 572.108927815666 -64.3159227426798 3.88493863832613 0 0 0 0 0
-0.00167261459080125 -64.3159227426799 7.96934440231582 -1.7383006644 0 0 0 0 0
-0.109956436470761 3.88493863832605 -1.73830066440001 378.383369630703 0 0 0 0 0
0 0 0 0 7.42190721491669 0.00216543346609790 0.00899768901706507 0.65668112429687 0.0489571980653658
0 0 0 0 0.00216543346609796 7.39916758638319 0.000507418195275589 0.577610721798186 0.304180672506273
0 0 0 0 0.00899768901706503 0.000507418195275527 7.15869872065425 0.592944728835499 0.811428366066307
0 0 0 0 0.65668112429687 0.577610721798186 0.592944728835499 153.230743262073 15.2545357076914
0 0 0 0 0.0489571980653659 0.304180672506273 0.811428366066307 15.2545357076914 727.790625173177
39
10
0.5 2 10 30 158 2 14 50 110 150
0.0258927835745251 0.0630391055628173 -0.00162374669561390 -0.108811579917723 0 0 0 0 0
0.0630391055628204 573.03093126467 -64.4384558321946 3.65653686808277 0 0 0 0 0
-0.00162374669561389 -64.4384558321945 7.83811486407469 -1.49067508946489 0 0 0 0 0
-0.108811579917727 3.65653686808302 -1.49067508946487 378.119934388 0 0 0 0 0
0 0 0 0 7.42620287744629 0.00198855430452642 0.008811298175588 0.648878551788475 0.0560483191141802
0 0 0 0 0.00198855430452647 7.42303561176541 0.000449508203990796 0.531801919047561 0.339627608771787
0 0 0 0 0.008811298175588 0.000449508203990829 7.14873423907926 0.584717628841424 0.852582953822967
0 0 0 0 0.648878551788474 0.531801919047561 0.584717628841425 154.023022186952 16.9530823731116
0 0 0 0 0.05604831911418 0.339627608771788 0.852582953822966 16.9530823731116 717.793244707628
40
10
0.5 2 10 30 158 2 14 80 110 150
0.0258947556255747 0.061747667404983 -0.00228604450016924 -0.107070185981674 0 0 0 0 0
0.0617476674049822 573.697608984114 -64.1704707638409 3.12503235678947 0 0 0 0 0
-0.00228604450016930 -64.1704707638409 7.90713108081633 -1.51189821921899 0 0 0 0 0
-0.107070185981663 3.12503235679022 -1.51189821921910 377.587028899723 0 0 0 0 0
0 0 0 0 7.42733411224216 0.00190791262977326 0.00853152720119833 0.64749163560987 0.0579032415199149
0 0 0 0 0.00190791262977323 7.44031792914907 0.000328327111505199 0.499776499920043 0.363103383800177
0 0 0 0 0.00853152720119839 0.000328327111505206 7.12859821966605 0.576871712373046 0.917669095332538
0 0 0 0 0.64749163560987 0.499776499920042 0.576871712373046 154.650833193258 18.1324776726010
0 0 0 0 0.0579032415199152 0.363103383800178 0.917669095332537 18.1324776726010 710.552557498423
41
10
0.5 2 10 30 158 2 50 80 110 150
0.0258894868597192 0.063522704308717 -0.00219987812673555 -0.103400434294297 0 0 0 0 0
0.063522704308711 573.21280954121 -64.0971673897299 1.55237626265411 0 0 0 0 0
-0.00219987812673561 -64.09716738973 7.99822475916745 -1.87593158734769 0 0 0 0 0
-0.103400434294303 1.55237626265318 -1.87593158734764 376.030184147155 0 0 0 0 0
0 0 0 0 7.42431196337314 0.00201918135774019 0.00795672579027509 0.652970880902991 0.0565311275944017
0 0 0 0 0.00201918135774021 7.42774845746763 8.10198986844046e-05 0.522882319325366 0.347821381280029
0 0 0 0 0.00795672579027503 8.10198986845763e-05 7.06993496948717 0.576202290545065 1.06075025774473
0 0 0 0 0.652970880902992 0.522882319325366 0.576202290545066 154.189425908743 17.4272928743955
0 0 0 0 0.0565311275944013 0.347821381280029 1.06075025774473 17.4272928743955 715.288256275251
42
10
0.5 2 10 30 158 14 50 80 110 150
0.0258855749903408 0.065372079858567 -0.000769111822417665 -0.101287521311432 0 0 0 0 0
0.0653720798585679 572.392384408213 -64.6457878061222 0.479678124009204 0 0 0 0 0
-0.000769111822417739 -64.6457878061222 7.7779698412402 -2.82373806629962 0 0 0 0 0
-0.101287521311430 0.479678124009234 -2.8237380662996 374.990005639466 0 0 0 0 0
0 0 0 0 7.4220685242037 0.00213846415792835 0.00763486834061932 0.656654151436796 0.0555722292385913
0 0 0 0 0.00213846415792841 7.40650137302261 7.73566287301125e-06 0.563271032800264 0.317883997790808
0 0 0 0 0.00763486834061931 7.73566287306906e-06 7.03087521647434 0.585071406398852 1.1362686487597
0 0 0 0 0.656654151436796 0.563271032800264 0.585071406398852 153.463005935286 15.8796638220261
0 0 0 0 0.0555722292385916 0.317883997790807 1.13626864875970 15.8796638220261 724.456959149555
43
10
0.5 2 10 30 180 0.5 2 14 50 80
0.0258697957250203 0.0525335447442543 0.00160501213579703 -0.116672871590368 0 0 0 0 0
0.0525335447442566 578.186103116566 -68.518260217495 4.14137114886041 0 0 0 0 0
0.00160501213579701 -68.518260217495 9.37904630486198 -1.89644280531411 0 0 0 0 0
-0.116672871590370 4.14137114886054 -1.89644280531409 377.973494322619 0 0 0 0 0
0 0 0 0 7.4130226294734 0.00138099079180991 0.0101304663818585 0.687681422022616 0.006570679839696
0 0 0 0 0.0013809907918099 7.55719645166487 0.000576615106851857 0.505834931756186 0.0697934222278283
0 0 0 0 0.0101304663818585 0.000576615106851857 7.14319812052258 0.63955159692007 0.748720228365458
0 0 0 0 0.687681422022615 0.505834931756186 0.63955159692007 150.721773362788 5.89079739526607
0 0 0 0 0.00657067983969589 0.0697934222278284 0.748720228365459 5.89079739526607 775.19768099393
44
10
0.5 2 10 30 180 0.5 2 14 50 110
0.0258747474196240 0.0508313829812213 0.00119941124647738 -0.115721733025721 0 0 0 0 0
0.0508313829812208 578.692722581704 -68.5035510365641 3.99207405481829 0 0 0 0 0
0.00119941124647752 -68.5035510365641 9.2141348823421 -1.69210909222309 0 0 0 0 0
-0.115721733025721 3.99207405481875 -1.69210909222314 377.754137400486 0 0 0 0 0
0 0 0 0 7.41586072974736 0.00129294848639573 0.00996596880778403 0.681387161860898 0.0136015004390606
0 0 0 0 0.00129294848639572 7.57044581952649 0.000535790349813057 0.475618449906558 0.0986889747671577
0 0 0 0 0.00996596880778398 0.000535790349813079 7.13490941615928 0.630911101656415 0.786535660151362
0 0 0 0 0.681387161860897 0.475618449906558 0.630911101656415 151.025627492218 8.15769406132227
0 0 0 0 0.0136015004390604 0.0986889747671576 0.786535660151363 8.15769406132227 764.899983645757
45
10
0.5 2 10 30 180 0.5 2 14 50 150
0.0258828174240221 0.0489432793048585 0.00210065973918306 -0.115032542701605 0 0 0 0 0
0.0489432793048601 579.012747504296 -68.9208091322872 4.01007519201416 0 0 0 0 0
0.00210065973918295 -68.9208091322872 8.96482275706783 -1.31121184346614 0 0 0 0 0
-0.115032542701602 4.01007519201437 -1.31121184346617 377.549044082238 0 0 0 0 0
0 0 0 0 7.42048727626706 0.00119868066402701 0.00984761599218847 0.671115994280268 0.0240856007376552
0 0 0 0 0.00119868066402702 7.57882125313557 0.000540633236393576 0.457133607656058 0.115747091696775
0 0 0 0 0.00984761599218848 0.000540633236393574 7.12716403437059 0.622781553572448 0.821579883083024
0 0 0 0 0.671115994280268 0.457133607656058 0.622781553572448 151.273506486846 9.48408080515434
0 0 0 0 0.0240856007376553 0.115747091696775 0.821579883083024 9.48408080515434 758.593741377686
46
10
0.5 2 10 30 180 0.5 2 14 80 110
0.0258760370681849 0.0499781282321504 0.000461838069670262 -0.114485105764093 0 0 0 0 0
0.049978128232155 579.113755741872 -68.1931690823482 3.65822248592145 0 0 0 0 0
0.000461838069669589 -68.1931690823482 9.41613207450399 -1.79989357981542 0 0 0 0 0
-0.114485105764093 3.65822248592137 -1.79989357981544 377.305244977334 0 0 0 0 0
0 0 0 0 7.41659999048704 0.00124990597593922 0.00975410991259426 0.67997092597173 0.0159316884650836
