1
5
0.5 1 1.5 2 3
3.9873243283044 -1.2413740114516 0.317461813840373 -2.12019555724729 0 0 0 0 0 0 0 0
-1.2413740114516 0.473504973906895 0.282731515520207 0.850690153409718 0 0 0 0 0 0 0 0
0.317461813840373 0.282731515520207 2.42222285226043 0.558204957726741 0 0 0 0 0 0 0 0
-2.12019555724729 0.850690153409718 0.55820495772674 2.97741553693401 0 0 0 0 0 0 0 0
0 0 0 0 7.9527180085494 9.44413434897488 0.20580400667956 3.9763590042747 4.72206717448744 0.10290200333978 1.82072479034969 5.26554975671425
0 0 0 0 9.44413434897488 16.8344474212721 1.99064083946372 4.72206717448744 8.41722371063603 0.99532041973186 1.67555449431889 5.63003202638639
0 0 0 0 0.20580400667956 1.99064083946372 47.1881016580238 0.10290200333978 0.995320419731858 23.5940508290119 6.57856324725282 18.6977050960007
0 0 0 0 3.9763590042747 4.72206717448744 0.10290200333978 62.3026295592137 93.875092307819 3.84581032174561 7.31454956291168 22.8057546937374
0 0 0 0 4.72206717448744 8.41722371063603 0.995320419731858 93.875092307819 181.831098926569 50.0878670970689 12.0211967089972 40.4184027100952
0 0 0 0 0.10290200333978 0.99532041973186 23.5940508290119 3.84581032174561 50.0878670970689 304.204114106109 23.2231335356913 69.6676375998144
0 0 0 0 1.82072479034969 1.67555449431889 6.57856324725282 7.31454956291168 12.0211967089972 23.2231335356913 21.5115233650658 69.8301689244432
0 0 0 0 5.26554975671425 5.63003202638639 18.6977050960007 22.8057546937374 40.4184027100952 69.6676375998144 69.8301689244432 232.287349420684
2
5
0.5 1 1.5 2 4
3.9166068502515 -1.25862394020235 0.252828303888397 -2.16097914728344 0 0 0 0 0 0 0 0
-1.25862394020235 0.497247845382894 0.187698553669659 0.888413095327548 0 0 0 0 0 0 0 0
0.252828303888397 0.187698553669659 2.58947751710499 0.373307395505608 0 0 0 0 0 0 0 0
-2.16097914728344 0.888413095327548 0.373307395505608 3.10944583364642 0 0 0 0 0 0 0 0
0 0 0 0 7.6737329809699 9.70628535656317 0.133281177651547 3.83686649048495 4.85314267828159 0.0666405888257733 1.70614356118408 4.85626478973162
0 0 0 0 9.70628535656317 18.5600248018556 0.879234667851337 4.85314267828159 9.28001240092783 0.439617333925669 1.9886036552665 6.03434377861747
0 0 0 0 0.133281177651547 0.879234667851337 53.758338368425 0.0666405888257731 0.439617333925669 26.8791691842125 7.03730558649737 15.1872607123251
0 0 0 0 3.83686649048495 4.85314267828159 0.0666405888257731 65.0469824473148 100.461430884218 1.76863975635493 7.44640436675653 22.3398118288076
0 0 0 0 4.85314267828159 9.28001240092783 0.439617333925669 100.461430884218 189.195011514654 27.0163041917727 12.1750289910976 40.1579829621671
0 0 0 0 0.0666405888257733 0.439617333925669 26.8791691842125 1.76863975635493 27.0163041917727 360.043529026289 28.2848837340451 67.2165517333396
0 0 0 0 1.70614356118408 1.9886036552665 7.03730558649737 7.44640436675653 12.1750289910976 28.2848837340451 22.3606744158082 67.4648055372124
0 0 0 0 4.85626478973162 6.03434377861747 15.1872607123251 22.3398118288076 40.1579829621671 67.2165517333396 67.4648055372124 217.574223085053
3
5
0.5 1 1.5 2 5
3.84807233481849 -1.24007645194245 0.102601754428750 -2.13437339446336 0 0 0 0 0 0 0 0
-1.24007645194245 0.5176797917404 0.14055922067019 0.926616323476924 0 0 0 0 0 0 0 0
0.102601754428751 0.14055922067019 2.56356888603655 0.266175964661446 0 0 0 0 0 0 0 0
-2.13437339446336 0.926616323476925 0.266175964661446 3.24315713216924 0 0 0 0 0 0 0 0
0 0 0 0 7.4085281584675 9.42151895271229 0.0241489595466161 3.70426407923375 4.71075947635615 0.0120744797733081 1.81939431715756 5.28687114722329
0 0 0 0 9.42151895271229 20.1182766425738 0.48730737225219 4.71075947635615 10.0591383212869 0.243653686126094 2.37608440829985 5.99709474861563
0 0 0 0 0.0241489595466161 0.48730737225219 52.634396326686 0.0120744797733083 0.243653686126095 26.317198163343 7.92063644528526 13.6952854050083
0 0 0 0 3.70426407923375 4.71075947635615 0.0120744797733083 63.8672788024914 102.852011563420 2.84352869702521 7.39410105959002 21.8166801334563
0 0 0 0 4.71075947635615 10.0591383212869 0.243653686126095 102.852011563420 201.128024479798 19.0872609721837 12.7562105119268 39.7467697904771
0 0 0 0 0.0120744797733081 0.243653686126094 26.317198163343 2.84352869702521 19.0872609721837 313.431475347471 27.9737824438325 56.0216730440724
0 0 0 0 1.81939431715756 2.37608440829985 7.92063644528526 7.39410105959002 12.7562105119268 27.9737824438325 23.4380640484952 65.1798071263319
0 0 0 0 5.28687114722329 5.99709474861563 13.6952854050083 21.8166801334563 39.7467697904771 56.0216730440724 65.1798071263319 207.874670394242
4
5
0.5 1 1.5 2 6
3.82354741985849 -1.21036874251580 -0.0299501074694165 -2.08230570155062 0 0 0 0 0 0 0 0
-1.21036874251580 0.52663277932897 0.140172104994079 0.949003379327313 0 0 0 0 0 0 0 0
-0.0299501074694169 0.140172104994079 2.42270827368017 0.240687184796349 0 0 0 0 0 0 0 0
-2.08230570155062 0.949003379327313 0.240687184796349 3.3215118276456 0 0 0 0 0 0 0 0
0 0 0 0 7.31493590410065 8.97564797231153 0.00270668791239532 3.65746795205032 4.48782398615577 0.00135334395619772 1.99604334763441 5.89154168236492
0 0 0 0 8.97564797231153 20.8277115307163 0.481551677842532 4.48782398615577 10.4138557653582 0.240775838921267 2.75863982203967 5.65243047471495
0 0 0 0 0.00270668791239532 0.481551677842532 46.9917370350124 0.00135334395619776 0.240775838921266 23.4958685175062 8.89495445662726 13.7431236868898
0 0 0 0 3.65746795205032 4.48782398615577 0.00135334395619776 61.6806121479721 100.697752294082 5.43693715014076 7.28968728284336 21.8433879362704
0 0 0 0 4.48782398615577 10.4138557653582 0.240775838921266 100.697752294082 205.211456340907 20.6685765699052 13.1767737841393 39.335752418391
0 0 0 0 0.00135334395619772 0.240775838921267 23.4958685175062 5.43693715014076 20.6685765699052 232.783465293852 24.2464420652180 46.1394481281892
0 0 0 0 1.99604334763441 2.75863982203967 8.89495445662726 7.28968728284336 13.1767737841393 24.2464420652180 24.7592933427249 62.936080279249
0 0 0 0 5.89154168236492 5.65243047471495 13.7431236868898 21.8433879362704 39.335752418391 46.1394481281892 62.936080279249 201.122888142544
5
5
0.5 1 1.5 2 8
3.83609559725999 -1.17904698627538 -0.131028619204977 -2.0163330037769 0 0 0 0 0 0 0 0
-1.17904698627538 0.509269091659745 0.230018775139628 0.93374964696636 0 0 0 0 0 0 0 0
-0.131028619204977 0.230018775139627 2.00753523874631 0.370215303893618 0 0 0 0 0 0 0 0
-2.0163330037769 0.93374964696636 0.370215303893618 3.26812376438226 0 0 0 0 0 0 0 0
0 0 0 0 7.36277046419667 8.5190976033267 0.0345091890692623 3.68138523209834 4.25954880166335 0.0172545945346310 2.20124395464228 6.40723387166732
0 0 0 0 8.5190976033267 19.5040434121087 1.30461699810880 4.25954880166335 9.75202170605434 0.652308499054401 2.87319541471176 4.89549687322044
0 0 0 0 0.0345091890692623 1.30461699810880 32.2933397855945 0.017254594534631 0.652308499054401 16.1466698927973 9.34394055137033 17.2064070947024
0 0 0 0 3.68138523209834 4.25954880166335 0.017254594534631 59.4767243592876 95.3306936450608 9.80849877701239 7.18802520739002 22.3035614730913
0 0 0 0 4.25954880166335 9.75202170605434 0.652308499054401 95.3306936450608 195.264336688881 33.9422988490796 12.9477624463223 39.395091118965
0 0 0 0 0.0172545945346310 0.652308499054401 16.1466698927973 9.80849877701239 33.9422988490796 124.045481200696 15.9964676434451 38.0926648440468
0 0 0 0 2.20124395464228 2.87319541471176 9.34394055137033 7.18802520739002 12.9477624463223 15.9964676434451 27.8755606149103 58.8428301008651
0 0 0 0 6.40723387166732 4.89549687322044 17.2064070947024 22.3035614730913 39.395091118965 38.0926648440468 58.8428301008651 193.168099161101
6
5
0.5 1 1.5 3 4
3.9795149467697 -1.27715450880599 0.353450046650519 -2.19059056898754 0 0 0 0 0 0 0 0
-1.27715450880599 0.484143371143676 0.154213675453475 0.860744745774424 0 0 0 0 0 0 0 0
0.353450046650519 0.154213675453475 2.74952866787210 0.322627963864779 0 0 0 0 0 0 0 0
-2.19059056898754 0.860744745774423 0.322627963864778 3.01260661021048 0 0 0 0 0 0 0 0
0 0 0 0 7.92136697481658 9.99458030916455 0.258301534123558 3.96068348740829 4.99729015458228 0.129150767061779 1.56999760200569 4.44131323848860
0 0 0 0 9.99458030916455 17.591396179534 0.604919416560442 4.99729015458227 8.79569808976701 0.302459708280222 1.92165652766553 6.11445588316684
0 0 0 0 0.258301534123558 0.604919416560442 60.5604017151485 0.129150767061779 0.302459708280221 30.2802008575742 6.13758424925578 13.5441340949817
0 0 0 0 3.96068348740829 4.99729015458227 0.129150767061779 66.8909842465397 95.8102028048364 0.0187960603366528 7.65747826966069 22.9058724262306
0 0 0 0 4.99729015458228 8.79569808976701 0.302459708280221 95.8102028048364 165.612179635327 14.5315944509756 11.6467137112638 38.1261115985305
0 0 0 0 0.129150767061779 0.302459708280222 30.2802008575742 0.0187960603366528 14.5315944509756 507.168005330153 34.4644368026148 79.6988783984927
0 0 0 0 1.56999760200569 1.92165652766553 6.13758424925578 7.65747826966069 11.6467137112638 34.4644368026148 23.7270584360147 65.8020425550463
0 0 0 0 4.44131323848860 6.11445588316684 13.5441340949817 22.9058724262306 38.1261115985305 79.6988783984927 65.8020425550463 196.187597630914
7
5
0.5 1 1.5 3 5
3.95461600392901 -1.25536351922732 0.237816492603630 -2.15376356046511 0 0 0 0 0 0 0 0
-1.25536351922732 0.503467453811811 0.114156371217169 0.89763901154646 0 0 0 0 0 0 0 0
0.237816492603630 0.114156371217169 2.73261260612994 0.232260323659081 0 0 0 0 0 0 0 0
-2.15376356046511 0.89763901154646 0.232260323659081 3.14173654041261 0 0 0 0 0 0 0 0
0 0 0 0 7.82308607051486 9.65633670506466 0.118071781761892 3.91154303525743 4.82816835253232 0.059035890880946 1.75574855679172 4.97921249854189
0 0 0 0 9.65633670506466 19.0256096377532 0.327719160607815 4.82816835253232 9.51280481887658 0.163859580303907 2.31713771971799 6.08332107181104
0 0 0 0 0.118071781761892 0.327719160607815 59.7864254108978 0.0590358908809464 0.163859580303907 29.8932127054489 6.76194556396101 12.7991464292986
0 0 0 0 3.91154303525743 4.82816835253232 0.0590358908809464 66.0193599024738 98.1018930697063 0.0436993690347676 7.63339217112962 22.4480826308322
0 0 0 0 4.82816835253232 9.51280481887658 0.163859580303907 98.1018930697063 177.020948357163 8.97200911695493 12.2604096621356 37.7487109533212
0 0 0 0 0.059035890880946 0.163859580303907 29.8932127054489 0.0436993690347676 8.97200911695493 452.828493418358 34.0388961338734 69.3011059748921
0 0 0 0 1.75574855679172 2.31713771971799 6.76194556396101 7.63339217112962 12.2604096621356 34.0388961338734 24.9124808196124 63.1975208162312
0 0 0 0 4.97921249854189 6.08332107181104 12.7991464292986 22.4480826308322 37.7487109533212 69.3011059748921 63.1975208162312 185.507079262581
8
5
0.5 1 1.5 3 6
3.97267889064778 -1.22725826283627 0.155659547697542 -2.09879585645436 0 0 0 0 0 0 0 0
-1.22725826283627 0.513384595496113 0.110381798566094 0.921202911780425 0 0 0 0 0 0 0 0
0.155659547697542 0.110381798566094 2.65074563683578 0.208252799794428 0 0 0 0 0 0 0 0
-2.09879585645436 0.921202911780425 0.208252799794428 3.22421019123149 0 0 0 0 0 0 0 0
0 0 0 0 7.89461085302461 9.23003103158275 0.0503788697569013 3.94730542651231 4.61501551579138 0.0251894348784507 1.99136096562576 5.5364121923094
0 0 0 0 9.23003103158275 19.7882306842332 0.300331839520803 4.61501551579138 9.89411534211662 0.150165919760402 2.69187495782028 5.81288382629708
0 0 0 0 0.0503788697569013 0.300331839520803 56.2507549623103 0.0251894348784503 0.150165919760402 28.1253774811552 7.44665870915414 13.2715264896453
0 0 0 0 3.94730542651231 4.61501551579138 0.0251894348784503 64.1270134234976 96.0603866308555 0.591267772622882 7.56167511654462 22.4986583540965
0 0 0 0 4.61501551579138 9.89411534211662 0.150165919760402 96.0603866308555 181.084019494344 9.84958703737519 12.6972177127218 37.3652620094962
0 0 0 0 0.0251894348784507 0.150165919760402 28.1253774811552 0.591267772622882 9.84958703737519 363.604585163335 30.6948907047032 60.7112192569066
0 0 0 0 1.99136096562576 2.69187495782028 7.44665870915414 7.56167511654462 12.6972177127218 30.6948907047032 26.2414497985168 60.5441296987425
0 0 0 0 5.5364121923094 5.81288382629708 13.2715264896453 22.4986583540965 37.3652620094962 60.7112192569066 60.5441296987425 178.264603378409
9
5
0.5 1 1.5 3 8
4.00761187129475 -1.21346591935421 0.140168464906003 -2.05859553116654 0 0 0 0 0 0 0 0
-1.21346591935421 0.501260727436948 0.166184253298205 0.909595549021672 0 0 0 0 0 0 0 0
0.140168464906003 0.166184253298205 2.43753359092952 0.296838618228572 0 0 0 0 0 0 0 0
-2.05859553116654 0.909595549021672 0.296838618228572 3.18358442157585 0 0 0 0 0 0 0 0
0 0 0 0 8.03300404525315 9.02750182380781 0.0394783534566223 4.01650202262658 4.51375091190391 0.0197391767283112 2.14522484916814 5.63505219729079
0 0 0 0 9.02750182380781 18.8782278101049 0.676911102973789 4.51375091190391 9.43911390505247 0.338455551486894 2.75783180163908 5.39925423909797
0 0 0 0 0.0394783534566223 0.676911102973789 47.6010556229646 0.0197391767283113 0.338455551486894 23.8005278114823 8.08869224785196 16.4009868728939
0 0 0 0 4.01650202262658 4.51375091190391 0.0197391767283113 62.0929719119881 91.257010347426 2.13536025990984 7.46901436450814 22.8842872987401
0 0 0 0 4.51375091190391 9.43911390505247 0.338455551486894 91.257010347426 172.080559284215 18.4775710690900 12.4420052248585 37.4960118553694
0 0 0 0 0.0197391767283112 0.338455551486894 23.8005278114823 2.13536025990984 18.4775710690900 240.66299157116 23.4885854002322 54.1494587172579
0 0 0 0 2.14522484916814 2.75783180163908 8.08869224785196 7.46901436450814 12.4420052248585 23.4885854002322 29.0275802305429 55.8843857791902
0 0 0 0 5.63505219729079 5.39925423909797 16.4009868728939 22.8842872987401 37.4960118553694 54.1494587172579 55.8843857791902 170.732463310565
10
5
0.5 1 1.5 4 5
3.86642111391021 -1.28942352985156 0.181342757084258 -2.22227015751863 0 0 0 0 0 0 0 0
-1.28942352985156 0.50176960092306 0.0606931912823286 0.889191837151098 0 0 0 0 0 0 0 0
0.181342757084258 0.0606931912823287 2.78426022271857 0.135508310124934 0 0 0 0 0 0 0 0
-2.22227015751863 0.889191837151098 0.135508310124934 3.11217143002884 0 0 0 0 0 0 0 0
0 0 0 0 7.47864412061926 10.1858470223075 0.0719820621273752 3.73932206030963 5.09292351115375 0.035991031063688 1.5130631042974 4.12827696418537
0 0 0 0 10.1858470223075 18.8938387741061 0.0971154368077399 5.09292351115375 9.44691938705304 0.0485577184038698 2.02691019479611 6.08579804625583
0 0 0 0 0.0719820621273752 0.0971154368077399 62.0429789373524 0.0359910310636874 0.0485577184038704 31.0214894686762 6.75561782398414 11.5136631175080
0 0 0 0 3.73932206030963 5.09292351115375 0.0359910310636874 68.4686770103383 104.7867822151 0.171777755760217 7.68540931168047 21.8846228766849
0 0 0 0 5.09292351115375 9.44691938705304 0.0485577184038704 104.7867822151 180.128448585689 1.70745185197057 12.1174299224221 37.2290682126465
0 0 0 0 0.035991031063688 0.0485577184038698 31.0214894686762 0.171777755760217 1.70745185197057 493.118470857475 37.2897139844273 65.2880665213019
0 0 0 0 1.5130631042974 2.02691019479611 6.75561782398414 7.68540931168047 12.1174299224221 37.2897139844273 26.5011555868364 60.8905633613412
0 0 0 0 4.12827696418537 6.08579804625583 11.5136631175080 21.8846228766849 37.2290682126465 65.2880665213019 60.8905633613412 169.622263628816
11
5
0.5 1 1.5 4 6
3.87786002734212 -1.26654410861445 0.102831878596191 -2.17772089982742 0 0 0 0 0 0 0 0
-1.26654410861445 0.511236994828491 0.0522748819412369 0.91012937155539 0 0 0 0 0 0 0 0
0.102831878596191 0.052274881941237 2.71432409950624 0.106973370715866 0 0 0 0 0 0 0 0
-2.17772089982742 0.91012937155539 0.106973370715867 3.18545280044387 0 0 0 0 0 0 0 0
0 0 0 0 7.52275096923122 9.8283208474676 0.0245201285129872 3.76137548461561 4.9141604237338 0.0122600642564933 1.71661371496685 4.52940125659655
0 0 0 0 9.8283208474676 19.6162717607168 0.0688703480542685 4.9141604237338 9.80813588035838 0.0344351740271341 2.32846216232925 5.93363542266265
0 0 0 0 0.0245201285129872 0.0688703480542685 58.9598118035185 0.0122600642564935 0.0344351740271345 29.4799059017592 7.39883585072924 11.7793758455605
0 0 0 0 3.76137548461561 4.9141604237338 0.0122600642564935 66.6001299969546 102.916556715577 0.0679057331390178 7.62053069848662 21.9073738467056
0 0 0 0 4.9141604237338 9.80813588035838 0.0344351740271345 102.916556715577 184.235832353053 1.96230407116134 12.5369619569553 36.9031065714149
0 0 0 0 0.0122600642564933 0.0344351740271341 29.4799059017592 0.0679057331390178 1.96230407116134 403.350465369758 34.1578799382954 56.9412806554968
0 0 0 0 1.71661371496685 2.32846216232925 7.39883585072924 7.62053069848662 12.5369619569553 34.1578799382954 27.8401415250044 58.1744936893311
0 0 0 0 4.52940125659655 5.93363542266265 11.7793758455605 21.9073738467056 36.9031065714149 56.9412806554968 58.1744936893311 162.921811529959
12
5
0.5 1 1.5 4 8
3.91435485490268 -1.25144087434167 0.0839924398153082 -2.13864434916388 0 0 0 0 0 0 0 0
-1.25144087434167 0.506603100989462 0.087226150021854 0.909020018742786 0 0 0 0 0 0 0 0
0.0839924398153082 0.0872261500218539 2.55499900354344 0.159992554552697 0 0 0 0 0 0 0 0
-2.13864434916388 0.909020018742786 0.159992554552697 3.18157006559975 0 0 0 0 0 0 0 0
0 0 0 0 7.66387353748648 9.59766783402628 0.0154162474830575 3.83193676874324 4.79883391701314 0.00770812374152864 1.88838575309973 4.65059017301735
0 0 0 0 9.59766783402628 19.2688869727544 0.186837633390285 4.79883391701314 9.63444348637723 0.0934188166951422 2.50146581189029 5.72972864399508
0 0 0 0 0.0154162474830575 0.186837633390285 52.2549354929407 0.00770812374152914 0.093418816695143 26.1274677464703 8.19381659547822 13.7972455137005
0 0 0 0 3.83193676874324 4.79883391701314 0.00770812374152914 64.6925735102132 98.1913249687903 0.726860892728964 7.55871739122412 22.2906430086447
0 0 0 0 4.79883391701314 9.63444348637723 0.093418816695143 98.1913249687903 176.548309699476 6.00101553430832 12.3700614696317 37.1213780687045
0 0 0 0 0.00770812374152864 0.0934188166951422 26.1274677464703 0.726860892728964 6.00101553430832 280.847105756185 27.6362041567485 50.5364145224882
0 0 0 0 1.88838575309973 2.50146581189029 8.19381659547822 7.55871739122412 12.3700614696317 27.6362041567485 30.3484405969693 53.5124143413543
0 0 0 0 4.65059017301735 5.72972864399508 13.7972455137005 22.2906430086447 37.1213780687045 50.5364145224882 53.5124143413543 156.587407786849
13
5
0.5 1 1.5 5 6
3.76165336459969 -1.27682002897117 -0.0359260042640622 -2.20623242666764 0 0 0 0 0 0 0 0
-1.27682002897117 0.518055076277225 0.0097441033418972 0.9193022625056 0 0 0 0 0 0 0 0
-0.0359260042640621 0.00974410334189718 2.66736862537531 0.0215276317471878 0 0 0 0 0 0 0 0
-2.20623242666764 0.9193022625056 0.0215276317471878 3.2175579187696 0 0 0 0 0 0 0 0
0 0 0 0 7.07986980366382 9.98699076759393 0.00576729232715062 3.53993490183191 4.99349538379696 0.00288364616357523 1.56377506364013 4.26916433762333
0 0 0 0 9.98699076759393 20.1409218267956 0.00248645225945765 4.99349538379696 10.0704609133978 0.00124322612972913 2.2020076229028 5.97287627326647
0 0 0 0 0.00576729232715062 0.00248645225945765 56.9244479140423 0.00288364616357513 0.00124322612972851 28.4622239570211 8.07575704809339 10.7440924403172
0 0 0 0 3.53993490183191 4.99349538379696 0.00288364616357513 65.1667665230321 106.047182187174 0.349003822596494 7.50395791751168 21.2467297395728
0 0 0 0 4.99349538379696 10.0704609133978 0.00124322612972851 106.047182187174 193.959298737808 0.398900970663937 12.9150405053208 36.5483641761382
0 0 0 0 0.00288364616357523 0.00124322612972913 28.4622239570211 0.349003822596494 0.398900970663937 350.991067120308 33.3930507008945 45.8336075857328
0 0 0 0 1.56377506364013 2.2020076229028 8.07575704809339 7.50395791751168 12.9150405053208 33.3930507008945 29.3243978079129 55.8201755607595
0 0 0 0 4.26916433762333 5.97287627326647 10.7440924403172 21.2467297395728 36.5483641761382 45.8336075857328 55.8201755607595 153.658987307573
14
5
0.5 1 1.5 5 8
3.78718900675915 -1.25784382643749 -0.0857497635874088 -2.16451295936223 0 0 0 0 0 0 0 0
-1.25784382643749 0.517099083502945 0.036671565694288 0.923898963464649 0 0 0 0 0 0 0 0
-0.0857497635874087 0.0366715656942881 2.49174365311988 0.0562300002489929 0 0 0 0 0 0 0 0
-2.16451295936223 0.923898963464648 0.0562300002489926 3.23364637212627 0 0 0 0 0 0 0 0
0 0 0 0 7.175393463024 9.69349373365961 0.0160561811549847 3.587696731512 4.84674686682981 0.0080280905774924 1.7438989321058 4.47562845198946
0 0 0 0 9.69349373365961 20.0715374129753 0.0334527060696862 4.84674686682981 10.0357687064876 0.0167263530348437 2.45386886737177 5.81913721297805
0 0 0 0 0.0160561811549847 0.0334527060696862 49.6766030381244 0.00802809057749235 0.0167263530348432 24.8383015190622 9.1046091186311 12.0576886281619
0 0 0 0 3.587696731512 4.84674686682981 0.00802809057749235 63.2161375563105 101.237442146217 1.52002676552263 7.44407839649736 21.6263383518172
0 0 0 0 4.84674686682981 10.0357687064876 0.0167263530348432 101.237442146217 186.85615107838 2.71204164604320 12.8116518508003 36.7737731297064
0 0 0 0 0.0080280905774924 0.0167263530348437 24.8383015190622 1.52002676552263 2.71204164604320 236.285833507140 26.9511238673627 38.8141707016433
0 0 0 0 1.7438989321058 2.45386886737177 9.1046091186311 7.44407839649736 12.8116518508003 26.9511238673627 31.6891428447538 51.388557766798
0 0 0 0 4.47562845198946 5.81913721297805 12.0576886281619 21.6263383518172 36.7737731297064 38.8141707016433 51.388557766798 148.076239821949
15
5
0.5 1 1.5 6 8
3.7099757615445 -1.24359634263306 -0.253249269088371 -2.14813099348532 0 0 0 0 0 0 0 0
-1.24359634263306 0.524846008568246 0.0229831378630048 0.939388923022808 0 0 0 0 0 0 0 0
-0.253249269088371 0.0229831378630047 2.31928073884741 0.00967798835477245 0 0 0 0 0 0 0 0
-2.14813099348532 0.939388923022808 0.00967798835477198 3.28786123057983 0 0 0 0 0 0 0 0
0 0 0 0 6.88681133623846 9.47409392815542 0.129166003207054 3.44340566811923 4.73704696407771 0.0645830016035269 1.71283048597938 4.690029727951
0 0 0 0 9.47409392815542 20.6790686397925 0.0204042592075857 4.73704696407771 10.3395343198962 0.0102021296037928 2.61700500692600 5.73122770953496
0 0 0 0 0.129166003207054 0.0204042592075857 43.0330584867370 0.064583001603527 0.0102021296037924 21.5165292433685 10.2511777238754 11.0488367939607
0 0 0 0 3.44340566811923 4.73704696407771 0.064583001603527 60.7781071643506 99.5497040068755 3.5798597983026 7.29314122215926 21.5562169453258
0 0 0 0 4.73704696407771 10.3395343198962 0.0102021296037924 99.5497040068755 190.760910606238 3.36548863752527 13.1868124600878 36.457474946749
0 0 0 0 0.0645830016035269 0.0102021296037928 21.5165292433685 3.5798597983026 3.36548863752527 167.268238062023 23.3227575717118 28.7178862239079
0 0 0 0 1.71283048597938 2.61700500692600 10.2511777238754 7.29314122215926 13.1868124600878 23.3227575717118 33.0690710014752 49.3893242815037
0 0 0 0 4.690029727951 5.73122770953496 11.0488367939607 21.5562169453258 36.457474946749 28.7178862239079 49.3893242815037 142.749569112403
16
5
0.5 1 2 3 4
3.99460966493614 -1.24702758508400 0.408850318584382 -2.13112979665048 0 0 0 0 0 0 0 0
-1.24702758508400 0.475816292570095 0.161233179997357 0.846385249834026 0 0 0 0 0 0 0 0
0.408850318584383 0.161233179997357 2.79641715519561 0.340355435782343 0 0 0 0 0 0 0 0
-2.13112979665048 0.846385249834026 0.340355435782343 2.96234837441909 0 0 0 0 0 0 0 0
0 0 0 0 7.98149359719717 9.53008793863513 0.342690163080108 3.99074679859859 4.76504396931757 0.171345081540054 1.73875010684554 5.01792334277705
0 0 0 0 9.53008793863513 16.9917637856166 0.664000860867597 4.76504396931757 8.49588189280832 0.332000430433799 2.1782812106342 6.57274196117982
0 0 0 0 0.342690163080108 0.664000860867597 62.639456290113 0.171345081540054 0.332000430433799 31.3197281450565 5.69461332127924 13.0391572519625
0 0 0 0 3.99074679859859 4.76504396931757 0.171345081540054 60.2720906322263 82.0410480728588 0.461691008164400 7.67020271424522 22.4355290825751
0 0 0 0 4.76504396931757 8.49588189280832 0.332000430433799 82.0410480728588 143.198010414338 14.5389156878270 11.5194303714211 36.3356141349053
0 0 0 0 0.171345081540054 0.332000430433799 31.3197281450565 0.461691008164400 14.5389156878270 589.526785182951 36.7261688439654 88.0529625004008
0 0 0 0 1.73875010684554 2.1782812106342 5.69461332127924 7.67020271424522 11.5194303714211 36.7261688439654 24.0781506490621 65.6935659068163
0 0 0 0 5.01792334277705 6.57274196117982 13.0391572519625 22.4355290825751 36.3356141349053 88.0529625004008 65.6935659068163 190.877331228147
17
5
0.5 1 2 3 5
3.98292118314897 -1.22145963793104 0.30727808357301 -2.08656062995938 0 0 0 0 0 0 0 0
-1.22145963793104 0.497603652290978 0.123208276217699 0.88859823256929 0 0 0 0 0 0 0 0
0.30727808357301 0.123208276217699 2.78537770019295 0.253131112550682 0 0 0 0 0 0 0 0
-2.08656062995938 0.88859823256929 0.253131112550682 3.11009381399251 0 0 0 0 0 0 0 0
0 0 0 0 7.9353136634659 9.14347806076268 0.193713514269551 3.96765683173295 4.57173903038134 0.0968567571347754 1.95524711386817 5.64708493130222
0 0 0 0 9.14347806076268 18.5861978669892 0.383176823263211 4.57173903038134 9.29309893349462 0.191588411631605 2.62970193557787 6.5188623998984
0 0 0 0 0.193713514269551 0.383176823263211 62.1174202650573 0.0968567571347757 0.191588411631605 31.0587101325286 6.24302810901689 12.4739279418883
0 0 0 0 3.96765683173295 4.57173903038134 0.0968567571347757 59.5889619259359 84.2801171085808 0.152198894150925 7.66509321621485 21.9890090584809
0 0 0 0 4.57173903038134 9.29309893349462 0.191588411631605 84.2801171085808 154.789079399001 8.95780094341825 12.2163906793160 36.0280744205259
0 0 0 0 0.0968567571347754 0.191588411631605 31.0587101325286 0.152198894150925 8.95780094341825 532.234407329924 36.3263285678829 78.0719434119542
0 0 0 0 1.95524711386817 2.62970193557787 6.24302810901689 7.66509321621485 12.2163906793160 36.3263285678829 25.2530442762564 62.9799446146099
0 0 0 0 5.64708493130222 6.5188623998984 12.4739279418883 21.9890090584809 36.0280744205259 78.0719434119542 62.9799446146099 179.798569239303
18
5
0.5 1 2 3 6
4.00847872457521 -1.19209604065100 0.238008651945607 -2.02788192838103 0 0 0 0 0 0 0 0
-1.19209604065100 0.507787607975774 0.121011357486094 0.913460255135393 0 0 0 0 0 0 0 0
0.238008651945607 0.121011357486094 2.71853458413378 0.232828129949045 0 0 0 0 0 0 0 0
-2.02788192838103 0.913460255135394 0.232828129949045 3.19711089297388 0 0 0 0 0 0 0 0
0 0 0 0 8.03730608601968 8.71098899095694 0.115187843350587 4.01865304300984 4.35549449547847 0.0575939216752936 2.20372379303259 6.21866850561086
0 0 0 0 8.71098899095694 19.3617841889099 0.362319442304975 4.35549449547847 9.68089209445494 0.181159721152488 3.02544997827982 6.17044278698158
0 0 0 0 0.115187843350587 0.362319442304975 59.1668964012991 0.0575939216752935 0.181159721152488 29.5834482006496 6.82793722208811 13.0009130350373
0 0 0 0 4.01865304300984 4.35549449547847 0.0575939216752935 57.736166188828 82.2642989480859 0.0395400897298688 7.58788782935032 22.0122870667766
0 0 0 0 4.35549449547847 9.68089209445494 0.181159721152488 82.2642989480859 158.640024342747 9.89945603401497 12.6732519302878 35.5936754062606
0 0 0 0 0.0575939216752936 0.181159721152488 29.5834482006496 0.0395400897298688 9.89945603401497 438.259521895662 33.1171291410654 69.960256177968
0 0 0 0 2.20372379303259 3.02544997827982 6.82793722208811 7.58788782935032 12.6732519302878 33.1171291410654 26.5778900837670 60.2654537155128
0 0 0 0 6.21866850561086 6.17044278698158 13.0009130350373 22.0122870667766 35.5936754062606 69.960256177968 60.2654537155128 172.378174614012
19
5
0.5 1 2 3 8
4.04229302582890 -1.18189148106488 0.234496134768077 -1.99235084500286 0 0 0 0 0 0 0 0
-1.18189148106488 0.492822481299204 0.176170896284532 0.896896506079398 0 0 0 0 0 0 0 0
0.234496134768077 0.176170896284532 2.54213196766235 0.32388010629602 0 0 0 0 0 0 0 0
-1.99235084500286 0.896896506079398 0.32388010629602 3.13913777127789 0 0 0 0 0 0 0 0
0 0 0 0 8.17235541661907 8.5673528865764 0.110228642034269 4.08617770830953 4.2836764432882 0.0551143210171348 2.33102945733668 6.22115470410106
0 0 0 0 8.5673528865764 18.2522284233524 0.762328675004462 4.2836764432882 9.12611421167618 0.381164337502231 3.04305601924053 5.68562384713961
0 0 0 0 0.110228642034269 0.762328675004462 51.7758498478683 0.0551143210171348 0.381164337502231 25.8879249239341 7.3696691672865 15.8845795811266
0 0 0 0 4.08617770830953 4.2836764432882 0.0551143210171348 55.6058586488266 77.5489734060360 0.80841732042767 7.46504493337042 22.3525311570677
0 0 0 0 4.2836764432882 9.12611421167618 0.381164337502231 77.5489734060360 149.168781042054 18.7941999129466 12.3413675259280 35.603765112049
0 0 0 0 0.0551143210171348 0.381164337502231 25.8879249239341 0.80841732042767 18.7941999129466 306.773146437568 26.1511218641580 63.8391508892326
0 0 0 0 2.33102945733668 3.04305601924053 7.3696691672865 7.46504493337042 12.3413675259280 26.1511218641580 29.3572818190254 55.5983035473973
0 0 0 0 6.22115470410106 5.68562384713961 15.8845795811266 22.3525311570677 35.603765112049 63.8391508892326 55.5983035473973 164.862313138521
20
5
0.5 1 2 4 5
3.91441177714690 -1.24991613831046 0.258568991436145 -2.14502647437732 0 0 0 0 0 0 0 0
-1.24991613831046 0.498426362874978 0.071242314967334 0.88472446123083 0 0 0 0 0 0 0 0
0.258568991436145 0.071242314967334 2.8306420527123 0.157653108401954 0 0 0 0 0 0 0 0
-2.14502647437732 0.88472446123083 0.157653108401954 3.0965356143079 0 0 0 0 0 0 0 0
0 0 0 0 7.66518356953506 9.57261152147689 0.139634922026278 3.83259178476753 4.78630576073844 0.0698174610131387 1.76114982426013 5.0150236881503
0 0 0 0 9.57261152147689 18.6437412031900 0.133049898041886 4.78630576073844 9.321870601595 0.0665249490209431 2.39079315009669 6.69131713148006
0 0 0 0 0.139634922026278 0.133049898041886 64.1285520193134 0.0698174610131389 0.0665249490209435 32.0642760096567 6.2504546965627 11.4081738966760
0 0 0 0 3.83259178476753 4.78630576073844 0.0698174610131389 62.2979283372216 90.729969466607 0.979486467532432 7.75577565739575 21.5439024868116
0 0 0 0 4.78630576073844 9.321870601595 0.0665249490209435 90.729969466607 158.636354289310 1.66047558693284 12.1294129886070 35.6574521897747
0 0 0 0 0.0698174610131387 0.0665249490209431 32.0642760096567 0.979486467532432 1.66047558693284 572.573496011655 39.4033236314083 73.876441140343
0 0 0 0 1.76114982426013 2.39079315009669 6.2504546965627 7.75577565739575 12.1294129886070 39.4033236314083 26.8353742523036 60.5662470786036
0 0 0 0 5.0150236881503 6.69131713148006 11.4081738966760 21.5439024868116 35.6574521897747 73.876441140343 60.5662470786036 163.254791198711
21
5
0.5 1 2 4 6
3.93541129442846 -1.22509617084898 0.193103822897659 -2.09575759500908 0 0 0 0 0 0 0 0
-1.22509617084898 0.50838371926181 0.0650086148820099 0.907280930462065 0 0 0 0 0 0 0 0
0.193103822897659 0.06500861488201 2.77334407130709 0.133460215332255 0 0 0 0 0 0 0 0
-2.09575759500908 0.907280930462065 0.133460215332255 3.17548325661723 0 0 0 0 0 0 0 0
0 0 0 0 7.74738209891383 9.19741025226672 0.0776963542422112 3.87369104945692 4.59870512613336 0.0388481771211054 1.98258614369198 5.46589768959774
0 0 0 0 9.19741025226672 19.3997243859686 0.106643128310321 4.59870512613336 9.6998621929843 0.0533215641551607 2.71787239215176 6.48215568942851
0 0 0 0 0.0776963542422112 0.106643128310321 61.5545958640728 0.0388481771211053 0.0533215641551602 30.7772979320364 6.79545174807074 11.7770797242541
0 0 0 0 3.87369104945692 4.59870512613336 0.0388481771211053 60.4791134831747 88.8549015581444 0.207629833229883 7.68822630478236 21.5519246547710
0 0 0 0 4.59870512613336 9.6998621929843 0.0533215641551602 88.8549015581444 162.574385959967 1.90058102315904 12.5712271821459 35.2913864662403
0 0 0 0 0.0388481771211054 0.0533215641551607 30.7772979320364 0.207629833229883 1.90058102315904 478.633058605656 36.405229428029 66.0262422612086
0 0 0 0 1.98258614369198 2.71787239215176 6.79545174807074 7.68822630478236 12.5712271821459 36.405229428029 28.1733518009953 57.7831336078465
0 0 0 0 5.46589768959774 6.48215568942851 11.7770797242541 21.5519246547710 35.2913864662403 66.0262422612086 57.7831336078465 156.252604176052
22
5
0.5 1 2 4 8
3.97135268527113 -1.21289775800653 0.186143538056278 -2.06032713660053 0 0 0 0 0 0 0 0
-1.21289775800653 0.501499192396745 0.100860170633440 0.902500765276322 0 0 0 0 0 0 0 0
0.186143538056278 0.100860170633440 2.64125007714855 0.190427044243894 0 0 0 0 0 0 0 0
-2.06032713660053 0.902500765276322 0.190427044243894 3.15875267846713 0 0 0 0 0 0 0 0
0 0 0 0 7.88836360197763 9.01836456579706 0.070540428829668 3.94418180098881 4.50918228289853 0.0352702144148341 2.13009299242060 5.51431818114578
0 0 0 0 9.01836456579706 18.8856298314412 0.250783483507351 4.50918228289853 9.44281491572061 0.125391741753676 2.8566096570057 6.18972151422783
0 0 0 0 0.070540428829668 0.250783483507351 55.8469433440686 0.0352702144148341 0.125391741753675 27.9234716720343 7.45089147507789 13.7308685110386
0 0 0 0 3.94418180098881 4.50918228289853 0.0352702144148341 58.4764803568319 84.1969630405157 0.0649333656809012 7.6006822168607 21.8998161549965
0 0 0 0 4.50918228289853 9.44281491572061 0.125391741753675 84.1969630405157 154.403761266256 6.00622656507324 12.3399002068637 35.3969360845195
0 0 0 0 0.0352702144148341 0.125391741753676 27.9234716720343 0.0649333656809012 6.00622656507324 348.759403425917 30.1177091051345 60.1227107549016
0 0 0 0 2.13009299242060 2.8566096570057 7.45089147507789 7.6006822168607 12.3399002068637 30.1177091051345 30.6969072383470 53.1071589805134
0 0 0 0 5.51431818114578 6.18972151422783 13.7308685110386 21.8998161549965 35.3969360845195 60.1227107549016 53.1071589805134 149.745374644205
23
5
0.5 1 2 5 6
3.85139839076911 -1.22766873636165 0.077604041648248 -2.10971138535258 0 0 0 0 0 0 0 0
-1.22766873636165 0.51795040466034 0.0270147600739257 0.921996068836584 0 0 0 0 0 0 0 0
0.0776040416482475 0.0270147600739259 2.73785603025424 0.0551434831251285 0 0 0 0 0 0 0 0
-2.10971138535258 0.921996068836584 0.0551434831251281 3.22698624092804 0 0 0 0 0 0 0 0
0 0 0 0 7.4213004777397 9.23441623160522 0.0145696129613153 3.71065023886985 4.61720811580261 0.00728480648065771 1.91269200212350 5.50798147394123
0 0 0 0 9.23441623160522 20.1347793719151 0.0183752326246623 4.61720811580261 10.0673896859575 0.00918761631233128 2.67193718521921 6.62141923159887
0 0 0 0 0.0145696129613153 0.0183752326246623 59.9767634966338 0.00728480648065748 0.00918761631233156 29.9883817483169 7.3628937227726 11.1578363560218
0 0 0 0 3.71065023886985 4.61720811580261 0.00728480648065748 59.3574758983274 91.7751987796604 0.0629837528640367 7.60277725733175 20.9578447175129
0 0 0 0 4.61720811580261 10.0673896859575 0.00918761631233156 91.7751987796604 172.710070883131 0.348141852684114 13.0285915404489 35.0330000046044
0 0 0 0 0.00728480648065771 0.00918761631233128 29.9883817483169 0.0629837528640367 0.348141852684114 422.882296925146 35.6597778508189 55.4224060091806
0 0 0 0 1.91269200212350 2.67193718521921 7.3628937227726 7.60277725733175 13.0285915404489 35.6597778508189 29.6504936127127 55.2214067981816
0 0 0 0 5.50798147394123 6.62141923159887 11.1578363560218 20.9578447175129 35.0330000046044 55.4224060091806 55.2214067981816 146.009083473166
24
5
0.5 1 2 5 8
3.88233661051353 -1.21091696875744 0.0478940684064781 -2.0697903691564 0 0 0 0 0 0 0 0
-1.21091696875744 0.514998786584117 0.0560146841649355 0.923673103440821 0 0 0 0 0 0 0 0
0.0478940684064777 0.0560146841649356 2.59629524281668 0.0959378787024768 0 0 0 0 0 0 0 0
-2.0697903691564 0.923673103440821 0.0959378787024767 3.23285586204287 0 0 0 0 0 0 0 0
0 0 0 0 7.54001386149116 8.98607322503242 0.0054696266884985 3.77000693074558 4.49303661251621 0.00273481334424924 2.0819157288881 5.68255636436669
0 0 0 0 8.98607322503242 19.9123903305843 0.076907170522977 4.49303661251621 9.95619516529214 0.0384535852614883 2.90190586905991 6.35464472992151
0 0 0 0 0.0054696266884985 0.076907170522977 53.9398692324613 0.00273481334424924 0.038453585261488 26.9699346162307 8.20093444658947 12.6828381534798
0 0 0 0 3.77000693074558 4.49303661251621 0.00273481334424924 57.3484609875859 87.0242586627083 0.361646867260972 7.52155868881326 21.3113653604693
0 0 0 0 4.49303661251621 9.95619516529214 0.038453585261488 87.0242586627083 165.086944700293 2.70148825164004 12.8692524496337 35.1428754508581
0 0 0 0 0.00273481334424924 0.0384535852614883 26.9699346162307 0.361646867260972 2.70148825164004 300.445301429775 29.4469153240595 48.9925338483272
0 0 0 0 2.0819157288881 2.90190586905991 8.20093444658947 7.52155868881326 12.8692524496337 29.4469153240595 32.0388031484261 50.7100326096429
0 0 0 0 5.68255636436669 6.35464472992151 12.6828381534798 21.3113653604693 35.1428754508581 48.9925338483272 50.7100326096429 139.96582094265
25
5
0.5 1 2 6 8
3.84140602471210 -1.19170191461075 -0.0779300636154543 -2.04141522724920 0 0 0 0 0 0 0 0
-1.19170191461076 0.523502327206015 0.0477004983411705 0.941835645565423 0 0 0 0 0 0 0 0
-0.0779300636154545 0.0477004983411705 2.46805603966891 0.0603568821261341 0 0 0 0 0 0 0 0
-2.04141522724920 0.941835645565422 0.060356882126134 3.29642475947898 0 0 0 0 0 0 0 0
0 0 0 0 7.38288269326552 8.70232301905586 0.0123310288263746 3.69144134663276 4.35116150952793 0.00616551441318755 2.14332213950466 6.15267704109552
0 0 0 0 8.70232301905586 20.5788559865950 0.0600216713571045 4.35116150952793 10.2894279932975 0.0300108356785522 3.12664611741244 6.21231643411456
0 0 0 0 0.0123310288263746 0.0600216713571045 48.7332750678531 0.00616551441318723 0.0300108356785527 24.3666375339265 9.13487535251687 12.6232570346182
0 0 0 0 3.69144134663276 4.35116150952793 0.00616551441318723 55.1256260068005 85.2493724170205 1.51072561071635 7.38545366371265 21.2744005365577
0 0 0 0 4.35116150952793 10.2894279932975 0.0300108356785527 85.2493724170205 168.869827200446 3.40878814571087 13.2746569784233 34.7837733305759
0 0 0 0 0.00616551441318755 0.0300108356785522 24.3666375339265 1.51072561071635 3.40878814571087 225.241582798257 25.9454923368803 39.656169277531
0 0 0 0 2.14332213950466 3.12664611741244 9.13487535251687 7.38545366371265 13.2746569784233 25.9454923368803 33.4192670970044 48.3970243216785
0 0 0 0 6.15267704109552 6.21231643411456 12.6232570346182 21.2744005365577 34.7837733305759 39.656169277531 48.3970243216785 133.429123731772
26
5
0.5 1 3 4 5
3.98301365201083 -1.25557268607520 0.330174166641226 -2.1501095057386 0 0 0 0 0 0 0 0
-1.25557268607519 0.47411418769278 0.0491267204940008 0.837986209681091 0 0 0 0 0 0 0 0
0.330174166641226 0.0491267204940007 2.89483188657306 0.126165889273909 0 0 0 0 0 0 0 0
-2.15010950573860 0.837986209681091 0.126165889273910 2.93295173388382 0 0 0 0 0 0 0 0
0 0 0 0 7.93534194566528 9.66027933372429 0.225606329679251 3.96767097283264 4.83013966686214 0.112803164839626 1.73598764413109 4.87125819868217
0 0 0 0 9.66027933372429 16.8675265018724 0.0720536929978798 4.83013966686214 8.43376325093619 0.03602684649894 2.42633673051282 6.50384157407987
0 0 0 0 0.225606329679251 0.0720536929978798 67.061944804744 0.112803164839626 0.036026846498939 33.530972402372 5.69305273161098 10.8324536982258
0 0 0 0 3.96767097283264 4.83013966686214 0.112803164839626 63.6351793061551 84.9955189441814 5.90555407056355 7.9402753451376 22.0292374802619
0 0 0 0 4.83013966686214 8.43376325093619 0.036026846498939 84.9955189441814 133.278435709915 0.560941994623235 11.4363182924774 32.6419539354198
