1
30
0.006944444 0.04166667 0.25 0.5 2 4 7 14 21 35 49 63 77 91 0.006944444 7 35 77 91 0.5 2 4 7 14 21 35 49 63 77 91
437.855460686747 9.23544885464481 -0.66799231316255 -0.00274903445942014 0.166060223811869 0 0 0 0 0 0 0 0
9.23544888377702 108.919616486313 1.40628422692766 0.0175498842068525 0.0196093187746727 0 0 0 0 0 0 0 0
-0.667992317431599 1.40628422884041 3.83204031145179 -0.00183638296086945 -0.00601578304925858 0 0 0 0 0 0 0 0
-0.00274903450640625 0.0175498842282049 -0.00183638296091442 0.00122757488718538 -7.23115145962158e-05 0 0 0 0 0 0 0 0
0.166060223740911 0.0196093188864469 -0.00601578306098372 -7.23115147241459e-05 0.0914486216320091 0 0 0 0 0 0 0 0
0 0 0 0 0 153.373923562562 0.0682348126527348 0.00892427466593102 0.000241830099065179 0.0198547185027392 6.0845734621356 2.50957909501211 6.65042766194684
0 0 0 0 0 0.0682348126527348 9.49078628442003 0.0395527065919037 0.0098559499535905 0.000276858277211363 0.739094705054617 6.5751230628889e-05 3.76022734812246
0 0 0 0 0 0.00892427466593102 0.0395527065919037 7.3422664742956 0.00269784190349026 0.000651413623851135 0.207880986790819 0.138457055112634 0.85682980698126
0 0 0 0 0 0.000241830099065179 0.0098559499535905 0.00269784190349026 1.92888333266886 0.000150593908252118 0.0480414412284948 0.000897775212377402 0.201325826256137
0 0 0 0 0 0.0198547185027392 0.000276858277211363 0.000651413623851135 0.000150593908252118 5.41912705815926 0.166886993018838 0.000599593597599955 0.0466427046397277
0 0 0 0 0 6.0845734621356 0.739094705054617 0.207880986790819 0.0480414412284948 0.166886993018838 393.113815492178 0.58555564872675 37.3520414383751
0 0 0 0 0 2.50957909501211 6.5751230628889e-05 0.138457055112634 0.000897775212377402 0.000599593597599955 0.58555564872675 840.168038429026 45.0765432289308
0 0 0 0 0 6.65042766194684 3.76022734812246 0.85682980698126 0.201325826256137 0.0466427046397277 37.3520414383751 45.0765432289308 1555.90925802482
