1
13
0.04166667 1 2 2.041667 3 4 5 6 7 8 9 10 2
0.000254420760351834 -0.0857950072007836 -0.00373347264062856 -5.01070029164226e-05 -0.00668171225653697 0 0 0 0 0 0 0 0
-0.0857950072007835 61.1734164593471 2.69815582649886 0.0355750905211654 0.60779613256804 0 0 0 0 0 0 0 0
-0.00373347264062857 2.69815582649887 1.43540200746005 -0.0313181171539338 0.0242846072576436 0 0 0 0 0 0 0 0
-5.01070029164225e-05 0.035575090521165 -0.0313181171539338 0.000843155756910333 0.000358576593488803 0 0 0 0 0 0 0 0
-0.00668171225653698 0.607796132568044 0.0242846072576439 0.0003585765934888 0.259622625318027 0 0 0 0 0 0 0 0
0 0 0 0 0 5.17839386384043e-11 5.888626608466e-06 2.78776359166441e-07 8.03427757205243e-08 3.21446006489926e-05 7.57545955522761e-08 5.76523832654808e-06 1.89182959256991e-07
0 0 0 0 0 5.888626608466e-06 2.99374950504698 0.145600897281395 0.0404987860988511 0.265979619910565 0.065469656915655 5.38410700977205 0.0546501024720477
0 0 0 0 0 2.78776359166441e-07 0.145600897281395 1.03018946151017 0.784659569654018 0.0106153586938436 0.00331695599546241 0.266925417627650 0.218659954364982
0 0 0 0 0 8.03427757205243e-08 0.0404987860988511 0.784659569654018 0.909966886926127 0.00370302259386372 0.000913575376730465 0.0734424239680144 0.151147917634364
0 0 0 0 0 3.21446006489926e-05 0.265979619910565 0.0106153586938436 0.00370302259386372 43.677732109912 0.0242105881831771 2.4543060433028 0.0435901055910707
0 0 0 0 0 7.57545955522761e-08 0.065469656915655 0.00331695599546241 0.000913575376730465 0.0242105881831771 0.0654813669936857 5.73540352667791 0.00103078579451937
0 0 0 0 0 5.76523832654808e-06 5.38410700977205 0.266925417627650 0.0734424239680144 2.4543060433028 5.73540352667791 511.469452683105 0.0812991404263722
0 0 0 0 0 1.89182959256991e-07 0.0546501024720477 0.218659954364982 0.151147917634364 0.0435901055910707 0.00103078579451937 0.0812991404263722 0.0487342762025531
2
13
0.04166667 1 2 2.041667 3 4 5 6 7 8 9 10 2
37.6936139345747 0.00886136816420941 -7.06046325862875 -0.0928423262921078 0.0164242170781673 0 0 0 0 0 0 0 0
0.00886136735399781 124.999984862290 0.000981959708786737 8.95481444639111e-06 6.84722719989642e-05 0 0 0 0 0 0 0 0
-7.0604629105989 0.000981959647674253 3.23529409243938 -0.0075093538659625 -0.0325309961940662 0 0 0 0 0 0 0 0
-0.092842321782523 8.95481228897015e-06 -0.00750935386887234 0.00115991942419693 0.000226658654387765 0 0 0 0 0 0 0 0
0.0164242024006967 6.84723088145398e-05 -0.0325309962375320 0.000226658653645021 0.255966961573947 0 0 0 0 0 0 0 0
0 0 0 0 0 1.13664682515901 7.5952523062976e-08 0.997002779383905 0.275830308244818 0.000194223359208548 12.7477931196937 2.29286620233427 0.336580922888218
0 0 0 0 0 7.5952523062976e-08 12.4999970131208 5.91847580194454e-08 7.41034658102014e-09 1.24649617549887e-08 3.34389337202829e-07 5.60730915309287e-07 1.76444126149945e-07
0 0 0 0 0 0.997002779383905 5.91847580194454e-08 5.23356393228666 0.0451123164047809 0.0190487828663033 5.16790287827016 1.2509882892135 1.68013087383464
0 0 0 0 0 0.275830308244818 7.41034658102014e-09 0.0451123164047809 1.72212873040566 0.00147957538871378 1.36236524105953 0.343830304599036 0.00917531368797106
0 0 0 0 0 0.000194223359208548 1.24649617549887e-08 0.0190487828663033 0.00147957538871378 42.4563673504738 0.97231272037862 0.626292640723503 5.7753210067347
0 0 0 0 0 12.7477931196937 3.34389337202829e-07 5.16790287827016 1.36236524105953 0.97231272037862 648.26541477455 149.276875980666 1.77513345940164
0 0 0 0 0 2.29286620233427 5.60730915309287e-07 1.2509882892135 0.343830304599036 0.626292640723503 149.276875980666 282.022940168602 0.787550764495764
0 0 0 0 0 0.336580922888218 1.76444126149945e-07 1.68013087383464 0.00917531368797106 5.7753210067347 1.77513345940164 0.787550764495764 3.21153658547660
