1
32
0.006944444 0.04166667 0.25 0.5 1 2 3 4 5 6 7 8 9 10 1 3 5 7 10 0.04166667 0.25 0.5 1 2 3 4 5 6 7 8 9 10
463.598015147584 14.3761753345536 -1.86327666113269 -0.0223368092967094 0.123235627557766 0 0 0 0 0 0 0 0
14.3761753209552 17.6387804479543 -0.0823592982575885 -0.00219601559619087 0.0709279014133457 0 0 0 0 0 0 0 0
-1.86327900342487 -0.0823591827514038 3.26853111655284 -0.00889716322785347 0.0273624432001626 0 0 0 0 0 0 0 0
-0.0223368383526004 -0.00219601416362414 -0.00889716326932376 0.00113995741302217 0.000358610337636028 0 0 0 0 0 0 0 0
0.123235703933500 0.0709278976170369 0.0273624368794512 0.000358610257876698 0.0908886875504658 0 0 0 0 0 0 0 0
0 0 0 0 0 171.938495719023 0.165339533643468 0.0694360856051857 0.0159658783542473 0.0109346611044924 3.89504302456554 0.0728320367811497 4.40398528875217
0 0 0 0 0 0.165339533643468 0.248901260552908 0.000135660889925596 0.000154319403278143 0.00362215218934257 0.962041121966996 0.108862329127844 3.83766861782239
0 0 0 0 0 0.0694360856051857 0.000135660889925596 5.34164782993799 0.06332761109689 0.013476656249173 0.803164872089445 0.121226707816970 3.46540091860469
0 0 0 0 0 0.0159658783542473 0.000154319403278143 0.06332761109689 1.66336371648593 0.00370371875469999 0.210993384480202 0.00439512097105249 0.823856062307831
0 0 0 0 0 0.0109346611044924 0.00362215218934257 0.013476656249173 0.00370371875469999 5.35296828397071 0.134375801390278 0.0197920567877268 0.183730411885313
0 0 0 0 0 3.89504302456554 0.962041121966996 0.803164872089445 0.210993384480202 0.134375801390278 321.959176675328 2.42108977329289 27.3499028130338
0 0 0 0 0 0.0728320367811497 0.108862329127844 0.121226707816970 0.00439512097105249 0.0197920567877268 2.42108977329289 876.606511097467 41.0534387989887
0 0 0 0 0 4.40398528875217 3.83766861782239 3.46540091860469 0.823856062307831 0.183730411885313 27.3499028130338 41.0534387989887 2001.51520275581
