1
32
0.006944444 0.04166667 0.25 0.5 1 2 3 4 5 6 7 8 9 10 1 3 5 7 10 0.04166667 0.25 0.5 1 2 3 4 5 6 7 8 9 10
467.254281984202 14.1741618209571 -3.1288439350575 -0.0379934237563736 0.134164101446456 0 0 0 0 0 0 0 0
14.1740810859313 32.1693563306552 -2.71102195631997 -0.0351097503316218 0.135710459316862 0 0 0 0 0 0 0 0
-3.12887606492788 -2.71100770673495 2.34645801426621 -0.0203290232703643 0.0524075944164127 0 0 0 0 0 0 0 0
-0.037993823143053 -0.0351095750087514 -0.0203290239867465 0.000998095309317438 0.000671564140122901 0 0 0 0 0 0 0 0
0.134165021328679 0.135709872790890 0.0524075231485963 0.000671563233755728 0.0903131545912126 0 0 0 0 0 0 0 0
0 0 0 0 0 174.661251226057 0.160724575180284 0.195795297985978 0.0461924935295859 0.0129600932632966 3.20455333330255 0.0998377378063987 3.56996119583206
0 0 0 0 0 0.160724575180284 0.82789398938293 0.146992028334215 0.0394460292098066 0.0132604194026227 1.30791358982232 0.119458277058063 5.45117378965579
0 0 0 0 0 0.195795297985978 0.146992028334215 2.75293260635762 0.330615361351905 0.0494379399157613 1.08283978749713 0.231541748153199 2.91615201030495
0 0 0 0 0 0.0461924935295859 0.0394460292098066 0.330615361351905 1.27512863549621 0.012988736225649 0.295428695420181 0.0156023239180946 0.676793255617172
0 0 0 0 0 0.0129600932632966 0.0132604194026227 0.0494379399157613 0.012988736225649 5.2853898981561 0.136669018146714 0.0195288926669986 0.0644505940144335
0 0 0 0 0 3.20455333330255 1.30791358982232 1.08283978749713 0.295428695420181 0.136669018146714 378.399686783747 3.09348504439276 20.1577826185615
0 0 0 0 0 0.0998377378063987 0.119458277058063 0.231541748153199 0.0156023239180946 0.0195288926669986 3.09348504439276 869.854533877213 40.1485106202204
0 0 0 0 0 3.56996119583206 5.45117378965579 2.91615201030495 0.676793255617172 0.0644505940144335 20.1577826185615 40.1485106202204 2048.41008077169
