1
13
0.04166667 1 2 2.041667 3 4 5 6 7 8 9 10 2
0.0214677534403482 -0.749973026892257 -0.0299279382507854 -0.000404958067479551 -0.0634152103757228 0 0 0 0 0 0 0 0
-0.749973026892256 61.4298981124146 2.61866764168812 0.0345940806593748 0.619161145318863 0 0 0 0 0 0 0 0
-0.0299279382507855 2.61866764168813 1.42834411281296 -0.0314095440792925 0.0169619170091999 0 0 0 0 0 0 0 0
-0.000404958067479549 0.0345940806593748 -0.0314095440792925 0.000841973467985499 0.000267634788684864 0 0 0 0 0 0 0 0
-0.0634152103757229 0.619161145318866 0.0169619170091995 0.000267634788684877 0.259699050911111 0 0 0 0 0 0 0 0
0 0 0 0 0 3.68691550220467e-11 4.49967632852747e-06 1.79136297588565e-07 5.24771316533674e-08 2.89547201303798e-05 5.49681583821384e-08 4.19225941121915e-06 1.52362874615590e-07
0 0 0 0 0 4.49967632852747e-06 3.01890590568131 0.137148404352489 0.0382960133333546 0.276019577188248 0.0657601337968501 5.40680821780062 0.0553973641108608
0 0 0 0 0 1.79136297588565e-07 0.137148404352489 1.02008345230371 0.789247567415214 0.00517871931528553 0.00318923946445068 0.257254324135604 0.216769385064364
0 0 0 0 0 5.24771316533674e-08 0.0382960133333546 0.789247567415214 0.907416730613156 0.00206289734729461 0.000880308435433537 0.070923720845827 0.151924971520018
0 0 0 0 0 2.89547201303798e-05 0.276019577188248 0.00517871931528553 0.00206289734729461 43.7034508845973 0.0241056594272801 2.44359161903960 0.0445329212608933
0 0 0 0 0 5.49681583821384e-08 0.0657601337968501 0.00318923946445068 0.000880308435433537 0.0241056594272801 0.0654894157709747 5.73585282046975 0.00103963471201301
0 0 0 0 0 4.19225941121915e-06 5.40680821780062 0.257254324135604 0.070923720845827 2.44359161903960 5.73585282046975 511.489144358885 0.0819817073838566
0 0 0 0 0 1.52362874615590e-07 0.0553973641108608 0.216769385064364 0.151924971520018 0.0445329212608933 0.00103963471201301 0.0819817073838566 0.0488812881581161
2
13
0.04166667 1 2 2.041667 3 4 5 6 7 8 9 10 2
1749.91346458918 18.1838782152956 -37.9094479334247 -0.527379087328378 1.86152186011056 0 0 0 0 0 0 0 0
18.1838782152939 10.1848400462321 1.11074904662004 0.00530936675053961 0.268592795795071 0 0 0 0 0 0 0 0
-37.9094479334232 1.11074904662004 3.37462715057486 -0.00647980168332751 -0.0127092982911477 0 0 0 0 0 0 0 0
-0.527379087328415 0.00530936675053934 -0.00647980168332551 0.00117389334317445 0.000177896074003957 0 0 0 0 0 0 0 0
1.86152186011015 0.268592795795068 -0.0127092982911426 0.000177896074004131 0.26602336247825 0 0 0 0 0 0 0 0
0 0 0 0 0 0.244975770684042 0.00264522741558936 0.287425248523393 0.0890011845604262 0.0249498981768166 26.8708551837739 0.610912819150997 0.458148136756107
0 0 0 0 0 0.00264522741558936 0.0829847734138673 0.0246752688913464 0.000902060009333057 0.0519423047661699 0.122015806887526 1.15718978435203 1.17648899394657
0 0 0 0 0 0.287425248523393 0.0246752688913464 5.69405420269868 0.0335902638839981 0.00290747273473893 6.5967834943324 1.58653333333285 0.715411567757157
0 0 0 0 0 0.0890011845604262 0.000902060009333057 0.0335902638839981 1.76387274387115 0.000911433978829662 1.86666920605199 0.339603182863679 0.0153091537717191
0 0 0 0 0 0.0249498981768166 0.0519423047661699 0.00290747273473893 0.000911433978829662 45.8579422409836 0.741903112446532 1.04443873004702 1.63308741816151
0 0 0 0 0 26.8708551837739 0.122015806887526 6.5967834943324 1.86666920605199 0.741903112446532 70256.7305905003 211.876304812569 10.6168901364397
0 0 0 0 0 0.610912819150997 1.15718978435203 1.58653333333285 0.339603182863679 1.04443873004702 211.876304812569 263.211638779736 18.3162835813270
0 0 0 0 0 0.458148136756107 1.17648899394657 0.715411567757157 0.0153091537717191 1.63308741816151 10.6168901364397 18.3162835813270 55.5363357789963
