1
5
0.5 1 1.5 2 3
6.60938584355322 -0.795824221035665 0.361529810900199 -1.33334449648230 0.0610201448241407 0 0 0 0 0 0 0
-0.795824221035667 0.608753534343212 0.0918847271680262 1.08551054503968 0.0187749881053555 0 0 0 0 0 0 0
0.361529810900201 0.0918847271680268 2.41435421613848 0.185765251149982 2.45866121995105 0 0 0 0 0 0 0
-1.33334449648229 1.08551054503968 0.185765251149975 3.79928690763888 0.0541452692379806 0 0 0 0 0 0 0
0.06102014482416 0.0187749881053538 2.45866121995104 0.0541452692379855 23.2255313828624 0 0 0 0 0 0 0
0 0 0 0 0 21.8450688537476 3.88622851274366 0.268973333992325 10.9377392036600 1.99218671374429 0.224971546751388 26.7473346315822
0 0 0 0 0 3.88622851274366 27.8151344947918 0.211835475790927 1.95817810669989 13.9528084735809 0.171448512659578 19.7829097904651
0 0 0 0 0 0.268973333992325 0.211835475790927 46.6354418080424 0.135411829648678 0.105925451668673 23.3260856301227 2.31915444660883
0 0 0 0 0 10.9377392036600 1.95817810669989 0.135411829648678 291.812646091157 214.587585645328 12.6286376202443 28.4669846132861
0 0 0 0 0 1.99218671374429 13.9528084735809 0.105925451668673 214.587585645328 470.137799809368 13.4847330136138 21.5093480996493
0 0 0 0 0 0.224971546751388 0.171448512659578 23.3260856301227 12.6286376202443 13.4847330136138 1071.0234602769 17.8834470361584
0 0 0 0 0 26.7473346315822 19.7829097904651 2.31915444660883 28.4669846132861 21.5093480996493 17.8834470361584 1043.58462803578
2
5
0.5 1 1.5 2 4
7.71325761334499 -0.501216814523256 0.170012960803041 -0.818774181087943 0.0590781304245289 0 0 0 0 0 0 0
-0.501216814523242 0.686975082214435 0.0423817952506867 1.22094206622002 0.0181203018561384 0 0 0 0 0 0 0
0.170012960803051 0.0423817952506874 2.44323085356407 0.0820060987249995 2.45533471267398 0 0 0 0 0 0 0
-0.818774181087938 1.22094206622002 0.082006098725005 4.27329723177008 0.0389454312053528 0 0 0 0 0 0 0
0.0590781304245343 0.0181203018561443 2.45533471267399 0.0389454312053424 23.5249108732596 0 0 0 0 0 0 0
0 0 0 0 0 29.7507981066609 1.54552272694142 0.0587785238622381 14.9065730773640 0.834976167446128 0.041714406550361 27.1818572938023
0 0 0 0 0 1.54552272694142 35.4184553528728 0.0444987744965207 0.801092577081744 17.7636878392949 0.0294614377013651 18.3435607983481
0 0 0 0 0 0.0587785238622381 0.0444987744965207 47.7553350079897 0.0294773198347480 0.0223848339244521 23.8782901652970 1.63032689512073
0 0 0 0 0 14.9065730773640 0.801092577081744 0.0294773198347480 334.129052952059 171.135580738532 5.490891743901 45.7201682564988
0 0 0 0 0 0.834976167446128 17.7636878392949 0.0223848339244521 171.135580738532 556.848524429532 5.86876116080232 32.2896362171692
0 0 0 0 0 0.041714406550361 0.0294614377013651 23.8782901652970 5.490891743901 5.86876116080232 1104.69280406912 17.7532218094062
0 0 0 0 0 27.1818572938023 18.3435607983481 1.63032689512073 45.7201682564988 32.2896362171692 17.7532218094062 970.295808975915
3
5
0.5 1 1.5 2 5
8.20663473971894 -0.377115758345714 0.105949157999642 -0.594385956970729 0.0736505878079516 0 0 0 0 0 0 0
-0.377115758345712 0.717831404032791 0.0274897231045025 1.27629325835545 0.0228014462909146 0 0 0 0 0 0 0
0.105949157999648 0.0274897231045032 2.4480512087146 0.0487136183798964 2.4496534552372 0 0 0 0 0 0 0
-0.594385956970716 1.27629325835545 0.0487136183798945 4.46702640424408 0.0411842871376421 0 0 0 0 0 0 0
0.0736505878079578 0.0228014462909177 2.44965345523720 0.0411842871376371 23.4549217173486 0 0 0 0 0 0 0
0 0 0 0 0 33.6799699705806 0.879672771406625 0.0224866699659299 16.8861209140436 0.516035469335032 0.0122865810107073 23.9640302433972
0 0 0 0 0 0.879672771406625 38.6721336326222 0.0185172232078982 0.480404076596276 19.4022491156675 0.00952968918969712 15.5125643366727
0 0 0 0 0 0.0224866699659299 0.0185172232078982 47.9437184685739 0.0113012122209147 0.00990624794289862 23.971869543878 1.50532689123763
0 0 0 0 0 16.8861209140436 0.480404076596276 0.0113012122209147 372.801924436316 142.943283284667 2.83254314731135 56.2114291354194
0 0 0 0 0 0.516035469335032 19.4022491156675 0.00990624794289862 142.943283284667 610.654567135306 3.85697728942906 38.0055375876007
0 0 0 0 0 0.0122865810107073 0.00952968918969712 23.971869543878 2.83254314731135 3.85697728942906 1100.03888618558 20.5954305383058
0 0 0 0 0 23.9640302433972 15.5125643366727 1.50532689123763 56.2114291354194 38.0055375876007 20.5954305383058 938.08676206867
4
5
0.5 1 1.5 2 6
8.35377928004913 -0.345083741827736 0.0994561330732775 -0.513854935699177 0.107109032043459 0 0 0 0 0 0 0
-0.345083741827725 0.724323712545311 0.0274529790058878 1.29407542316354 0.0328897068847921 0 0 0 0 0 0 0
0.0994561330732877 0.0274529790058855 2.44441463218828 0.0434456334232862 2.44184478216167 0 0 0 0 0 0 0
-0.513854935699153 1.29407542316355 0.04344563342329 4.52926398107242 0.0565550009788777 0 0 0 0 0 0 0
0.107109032043453 0.0328897068847912 2.44184478216166 0.0565550009788697 23.1758589768151 0 0 0 0 0 0 0
0 0 0 0 0 34.9054328748931 0.74559706581525 0.0199168877877708 17.5197183875083 0.477081257900599 0.0100745850344764 22.4539902109964
0 0 0 0 0 0.74559706581525 39.3819749105590 0.0186338835234916 0.431900409518992 19.7832898499604 0.00973072618130293 14.7305395908742
0 0 0 0 0 0.0199168877877708 0.0186338835234916 47.8013454301202 0.0105647557204628 0.0113241839529073 23.9007169114837 1.79919898386722
0 0 0 0 0 17.5197183875083 0.431900409518992 0.0105647557204628 392.501905506062 133.573322521319 2.4878888490071 59.195709466261
0 0 0 0 0 0.477081257900599 19.7832898499604 0.0113241839529073 133.573322521319 621.003234285914 4.48185017703595 40.0328771195136
0 0 0 0 0 0.0100745850344764 0.00973072618130293 23.9007169114837 2.4878888490071 4.48185017703595 1074.79578534112 25.2303239113779
0 0 0 0 0 22.4539902109964 14.7305395908742 1.79919898386722 59.195709466261 40.0328771195136 25.2303239113779 929.70609138066
5
5
0.5 1 1.5 2 8
7.93136643349976 -0.468898763983206 0.197821515197404 -0.61434039711579 0.197302145793981 0 0 0 0 0 0 0
-0.468898763983195 0.688216876273253 0.0559563184826252 1.26248326952028 0.0590276798801703 0 0 0 0 0 0 0
0.197821515197412 0.055956318482626 2.42101248533876 0.0813266345334792 2.42476171082988 0 0 0 0 0 0 0
-0.614340397115779 1.26248326952028 0.0813266345334776 4.41869144332099 0.117526731218302 0 0 0 0 0 0 0
0.197302145793990 0.0590276798801709 2.42476171082988 0.117526731218310 22.3718085988574 0 0 0 0 0 0 0
0 0 0 0 0 31.5346754205117 1.43174320004494 0.080659924561076 15.8900616138055 0.909284428368028 0.0446544639349934 24.4982454520740
0 0 0 0 0 1.43174320004494 35.6206995676785 0.0789158474385743 0.826665359208678 17.9872641255279 0.0433742564959671 17.9686703052543
0 0 0 0 0 0.080659924561076 0.0789158474385743 46.8904795732916 0.0438386115833939 0.0472650473011427 23.4458032494365 3.11758336656251
0 0 0 0 0 15.8900616138055 0.826665359208678 0.0438386115833939 367.158803878713 159.438493461844 6.00558043731754 49.0064652242539
0 0 0 0 0 0.909284428368028 17.9872641255279 0.0472650473011427 159.438493461844 545.824961591121 11.7838047807127 34.6214013201535
0 0 0 0 0 0.0446544639349934 0.0433742564959671 23.4458032494365 6.00558043731754 11.7838047807127 1000.62138104354 34.2545108285435
0 0 0 0 0 24.4982454520740 17.9686703052543 3.11758336656251 49.0064652242539 34.6214013201535 34.2545108285435 965.59986314118
6
5
0.5 1 1.5 3 4
7.2801356597052 -0.607295355282353 0.182919964856289 -1.00731981871091 0.0262212611770219 0 0 0 0 0 0 0
-0.607295355282349 0.661347709856953 0.0443525375082408 1.17543526276248 0.00847967087906632 0 0 0 0 0 0 0
0.182919964856277 0.0443525375082437 2.44658669624680 0.0897779391148874 2.46009864510403 0 0 0 0 0 0 0
-1.00731981871090 1.17543526276247 0.0897779391148832 4.11402341966865 0.0232775512965211 0 0 0 0 0 0 0
0.0262212611770324 0.00847967087906925 2.46009864510402 0.0232775512965294 23.7695876030937 0 0 0 0 0 0 0
0 0 0 0 0 26.5032251263316 2.26509559873378 0.0690204424665106 13.2746508264256 1.18530406073669 0.0592071555997343 28.7210391525027
0 0 0 0 0 2.26509559873378 32.8252335057576 0.0493782348651191 1.15384219050960 16.4582807188643 0.0405086228753011 19.6398741142454
0 0 0 0 0 0.0690204424665106 0.0493782348651191 47.8866286647351 0.0348802662291594 0.0246911118500241 23.9441266774077 1.30550901836581
0 0 0 0 0 13.2746508264256 1.15384219050960 0.0348802662291594 306.668604135303 192.401855602039 5.35032172590763 38.376419517085
0 0 0 0 0 1.18530406073669 16.4582807188643 0.0246911118500241 192.401855602039 524.897765180854 4.66337424154769 28.0230516219941
0 0 0 0 0 0.0592071555997343 0.0405086228753011 23.9441266774077 5.35032172590763 4.66337424154769 1127.50381707869 13.9399538862244
0 0 0 0 0 28.7210391525027 19.6398741142454 1.30550901836581 38.376419517085 28.0230516219941 13.9399538862244 995.242763514192
7
5
0.5 1 1.5 3 5
7.9489007453775 -0.442187242939014 0.11305948647068 -0.698824488557354 0.0441260739109779 0 0 0 0 0 0 0
-0.442187242939005 0.701962438522246 0.0277407038589340 1.25036435922858 0.0133108819904166 0 0 0 0 0 0 0
0.113059486470682 0.0277407038589367 2.45202035161553 0.0523299718720744 2.45592705685729 0 0 0 0 0 0 0
-0.698824488557359 1.25036435922859 0.0523299718720694 4.37627525730005 0.0276067015498157 0 0 0 0 0 0 0
0.0441260739109835 0.0133108819904239 2.45592705685729 0.0276067015498245 23.7493922647729 0 0 0 0 0 0 0
0 0 0 0 0 31.6012542616456 1.2088694976316 0.0258416282517019 15.8483694246390 0.678954019511289 0.0176727424573781 25.8780429444988
0 0 0 0 0 1.2088694976316 36.9835261179533 0.0189684264537489 0.645070166747328 18.5540915520046 0.0120360242932319 17.1298089178708
0 0 0 0 0 0.0258416282517019 0.0189684264537489 48.0993184750320 0.0129264205245642 0.00963046127101267 24.0497269530334 1.17770997084163
0 0 0 0 0 15.8483694246390 0.645070166747328 0.0129264205245642 350.132228645219 160.500570151589 3.05149332702277 50.0790743068004
0 0 0 0 0 0.678954019511289 18.5540915520046 0.00963046127101267 160.500570151589 579.904087546496 2.94677733251669 34.9686348950515
0 0 0 0 0 0.0176727424573781 0.0120360242932319 24.0497269530334 3.05149332702277 2.94677733251669 1127.37457323434 15.6581512831164
0 0 0 0 0 25.8780429444988 17.1298089178708 1.17770997084163 50.0790743068004 34.9686348950515 15.6581512831164 954.58843257272
8
5
0.5 1 1.5 3 6
8.16336350834925 -0.393117811462998 0.101475865590213 -0.58861828664047 0.0670488480360846 0 0 0 0 0 0 0
-0.393117811462990 0.713019900744778 0.0256412851699307 1.27551535965858 0.0195938985612321 0 0 0 0 0 0 0
0.101475865590223 0.0256412851699298 2.45099432312392 0.0444597283876676 2.45201739828767 0 0 0 0 0 0 0
-0.588618286640464 1.27551535965858 0.0444597283876682 4.46430375880504 0.0379956519550646 0 0 0 0 0 0 0
0.067048848036087 0.0195938985612317 2.45201739828768 0.0379956519550585 23.6232336633802 0 0 0 0 0 0 0
0 0 0 0 0 33.3384801379612 0.966303414012778 0.0205991012773370 16.7416774756705 0.582943032453733 0.0115627432388081 24.0933276890538
0 0 0 0 0 0.966303414012778 38.1645309032101 0.0161095112630294 0.543420119938733 19.1653081377005 0.0085706086758182 16.0153089202383
0 0 0 0 0 0.0205991012773370 0.0161095112630294 48.0590376055741 0.0104197362269027 0.00865281089246157 24.0295234200707 1.29112309423129
0 0 0 0 0 16.7416774756705 0.543420119938733 0.0104197362269027 373.100228634231 148.454398066968 2.71113430547397 54.0138541445915
0 0 0 0 0 0.582943032453733 19.1653081377005 0.00865281089246157 148.454398066968 597.589181174234 3.01489198091961 37.4995022480779
0 0 0 0 0 0.0115627432388081 0.0085706086758182 24.0295234200707 2.71113430547397 3.01489198091961 1115.97038405825 17.9661846500791
0 0 0 0 0 24.0933276890538 16.0153089202383 1.29112309423129 54.0138541445915 37.4995022480779 17.9661846500791 941.909675991052
9
5
0.5 1 1.5 3 8
7.81043115377463 -0.488610865392574 0.160021413752177 -0.684239551906577 0.104961605557143 0 0 0 0 0 0 0
-0.488610865392576 0.687273315329384 0.0412523671853785 1.24899553692734 0.0299584138978993 0 0 0 0 0 0 0
0.160021413752182 0.041252367185375 2.44133217406605 0.0679587335708125 2.44684311641568 0 0 0 0 0 0 0
-0.684239551906569 1.24899553692733 0.0679587335708108 4.37148437924564 0.0658581550738506 0 0 0 0 0 0 0
0.104961605557153 0.0299584138978923 2.44684311641568 0.0658581550738529 23.3076328606126 0 0 0 0 0 0 0
0 0 0 0 0 30.5623436441835 1.52065144943721 0.0513138239776103 15.385332841484 0.903993966711052 0.0302458341812413 25.8374955939982
0 0 0 0 0 1.52065144943721 35.4930526139248 0.0418364062098323 0.846857813217096 17.8670270686318 0.0237287769601380 18.1181642723125
0 0 0 0 0 0.0513138239776103 0.0418364062098323 47.6809322821075 0.0263748588085762 0.0227018248556813 23.8406223561462 1.81914774519283
0 0 0 0 0 15.385332841484 0.846857813217096 0.0263748588085762 349.803320273267 168.770345522051 4.83551070123573 46.2468969607613
0 0 0 0 0 0.903993966711052 17.8670270686318 0.0227018248556813 168.770345522051 550.520200612769 5.79605001373473 33.3402168231781
0 0 0 0 0 0.0302458341812413 0.0237287769601380 23.8406223561462 4.83551070123573 5.79605001373473 1085.57975504766 21.6947715045752
0 0 0 0 0 25.8374955939982 18.1181642723125 1.81914774519283 46.2468969607613 33.3402168231781 21.6947715045752 967.565041943326
10
5
0.5 1 1.5 4 5
7.66807272382633 -0.49652029921509 0.0786422478712278 -0.827192335449075 0.00460810662051925 0 0 0 0 0 0 0
-0.496520299215095 0.692002877312894 0.0189785714817666 1.22518844685928 0.00387342437452193 0 0 0 0 0 0 0
0.0786422478712284 0.0189785714817667 2.45583993257578 0.0388029318782763 2.45560337451501 0 0 0 0 0 0 0
-0.8271923354491 1.22518844685928 0.0388029318782733 4.28815956400747 0.00731996065762747 0 0 0 0 0 0 0
0.00460810662052088 0.00387342437452081 2.45560337451501 0.00731996065763296 23.8170817721454 0 0 0 0 0 0 0
0 0 0 0 0 29.4008634359317 1.51349181058688 0.0128932928252548 14.7247654362442 0.80721270009749 0.0121159625329870 28.0336750459008
0 0 0 0 0 1.51349181058688 35.93499193465 0.00907458471986249 0.77847986556704 18.0097055954585 0.00743428749810715 17.7774371801445
0 0 0 0 0 0.0128932928252548 0.00907458471986249 48.2492383443654 0.00663132498196824 0.00454711875505842 24.1246301215503 0.96862449842628
0 0 0 0 0 14.7247654362442 0.77847986556704 0.00663132498196824 317.277242051488 172.741763024149 1.25639933618416 46.7399258870102
0 0 0 0 0 0.80721270009749 18.0097055954585 0.00454711875505842 172.741763024149 573.342992366059 1.23071227553659 31.8846685740098
0 0 0 0 0 0.0121159625329870 0.00743428749810715 24.1246301215503 1.25639933618416 1.23071227553659 1134.57333694037 15.7446669889107
0 0 0 0 0 28.0336750459008 17.7774371801445 0.96862449842628 46.7399258870102 31.8846685740098 15.7446669889107 967.951123168841
11
5
0.5 1 1.5 4 6
7.94314656755069 -0.432653932191949 0.0630139554623866 -0.692518483965254 0.0232075538364632 0 0 0 0 0 0 0
-0.432653932191945 0.706704227394813 0.0158491196585559 1.25601263018723 0.00899950055394247 0 0 0 0 0 0 0
0.0630139554623888 0.0158491196585560 2.45498707423938 0.0297637423167155 2.45203459649435 0 0 0 0 0 0 0
-0.692518483965246 1.25601263018723 0.0297637423167177 4.39604420565529 0.0155430458366427 0 0 0 0 0 0 0
0.0232075538364547 0.00899950055394289 2.45203459649436 0.0155430458366416 23.6991578103947 0 0 0 0 0 0 0
0 0 0 0 0 31.5525960805832 1.15488824159894 0.00804592016390149 15.8179122003192 0.645390966562782 0.00564302545033368 26.2649709054679
0 0 0 0 0 1.15488824159894 37.4820294110682 0.00618716278018521 0.612335081201221 18.7967348496409 0.00368827866962646 16.5558759875577
0 0 0 0 0 0.00804592016390149 0.00618716278018521 48.2157150421641 0.00404405744745107 0.0031821229205289 24.1078938024358 1.06754470423813
0 0 0 0 0 15.8179122003192 0.612335081201221 0.00404405744745107 339.695675719408 158.636865110015 0.878728241094483 51.7698822762151
0 0 0 0 0 0.645390966562782 18.7967348496409 0.0031821229205289 158.636865110015 595.326086968183 1.09695483955098 34.8275583147035
0 0 0 0 0 0.00564302545033368 0.00368827866962646 24.1078938024358 0.878728241094483 1.09695483955098 1123.87925942939 18.0309736208190
0 0 0 0 0 26.2649709054679 16.5558759875577 1.06754470423813 51.7698822762151 34.8275583147035 18.0309736208190 952.0139439635
12
5
0.5 1 1.5 4 8
7.84650312707948 -0.461695740900086 0.0888127455501444 -0.704380173405455 0.0514952045832045 0 0 0 0 0 0 0
-0.461695740900084 0.698247544045525 0.0227811864874764 1.25090489531477 0.0166903331121288 0 0 0 0 0 0 0
0.0888127455501486 0.0227811864874763 2.45035480765055 0.0399792556610893 2.4481278128311 0 0 0 0 0 0 0
-0.704380173405464 1.25090489531477 0.0399792556610899 4.3781671336017 0.0331097281458202 0 0 0 0 0 0 0
0.0514952045832183 0.0166903331121244 2.4481278128311 0.0331097281458149 23.465723622201 0 0 0 0 0 0 0
0 0 0 0 0 30.8034360688134 1.32708380039768 0.0157911033700184 15.4627289144487 0.756737695659935 0.00936136544853763 26.5973978622949
0 0 0 0 0 1.32708380039768 36.6020226791632 0.0127151708891034 0.713509697535219 18.3773094278673 0.0068694822132841 17.2921706026807
0 0 0 0 0 0.0157911033700184 0.0127151708891034 48.0339513687591 0.00791737954269903 0.00673475136394631 24.0169961474697 1.37505364663923
0 0 0 0 0 15.4627289144487 0.713509697535219 0.00791737954269903 336.117100013568 164.817474881467 1.51281747270281 49.2756346501734
0 0 0 0 0 0.756737695659935 18.3773094278673 0.00673475136394631 164.817474881467 576.836266654275 2.07413516813564 33.9254882783502
0 0 0 0 0 0.00936136544853763 0.0068694822132841 24.0169961474697 1.51281747270281 2.07413516813564 1101.73833567473 21.5942559822463
0 0 0 0 0 26.5973978622949 17.2921706026807 1.37505364663923 49.2756346501734 33.9254882783502 21.5942559822463 959.851251640512
13
5
0.5 1 1.5 5 6
7.96121364003899 -0.417773478599895 0.0211848874782631 -0.695498250007187 0.00609569351383901 0 0 0 0 0 0 0
-0.417773478599899 0.712380687087746 0.00673881421717338 1.25934962276811 0.00653331457670536 0 0 0 0 0 0 0
0.0211848874782609 0.00673881421717125 2.45445789878675 0.0121411249901071 2.44625262109463 0 0 0 0 0 0 0
-0.695498250007207 1.25934962276811 0.0121411249901069 4.40772367968837 0.00518835110917338 0 0 0 0 0 0 0
0.00609569351383374 0.00653331457670517 2.44625262109463 0.00518835110917885 23.5440503604379 0 0 0 0 0 0 0
0 0 0 0 0 31.6910221889628 1.07156039157928 0.000913669452960095 15.8714120985916 0.587292338352705 0.000927864430606636 26.4620172295583
0 0 0 0 0 1.07156039157928 38.0812684895028 0.00111355456436552 0.558640466215361 19.0839305101404 0.000731173082831769 15.9001036336765
0 0 0 0 0 0.000913669452960095 0.00111355456436552 48.1949132414449 0.000506432027634409 0.000659215522237208 24.0977266103781 1.15864319514101
0 0 0 0 0 15.8714120985916 0.558640466215361 0.000506432027634409 332.974227763452 154.237133622877 0.0525181948914006 53.8452385586265
0 0 0 0 0 0.587292338352705 19.0839305101404 0.000659215522237208 154.237133622877 612.751008785758 0.317495412472703 35.0280079783576
0 0 0 0 0 0.000927864430606636 0.000731173082831769 24.0977266103781 0.0525181948914006 0.317495412472703 1110.19707182755 21.3332976140191
0 0 0 0 0 26.4620172295583 15.9001036336765 1.15864319514101 53.8452385586265 35.0280079783576 21.3332976140191 948.488087820052
14
5
0.5 1 1.5 5 8
7.99567450257736 -0.4145539541346 0.0350319956334193 -0.660661429100831 0.0385862212335062 0 0 0 0 0 0 0
-0.4145539541346 0.711798718358424 0.0109996680408488 1.26550775640973 0.0158346600716643 0 0 0 0 0 0 0
0.0350319956334196 0.0109996680408464 2.44991287841823 0.0172377369632610 2.44000176093017 0 0 0 0 0 0 0
-0.660661429100829 1.26550775640973 0.0172377369632656 4.42927714743406 0.0222276685461218 0 0 0 0 0 0 0
0.0385862212335038 0.0158346600716649 2.44000176093017 0.0222276685461165 23.2354138611485 0 0 0 0 0 0 0
0 0 0 0 0 31.9706581335333 1.06101190924305 0.00246852581462999 16.0259814686521 0.602774217640571 0.00130009773532623 26.0235409989924
0 0 0 0 0 1.06101190924305 38.0248024829870 0.00299669599600385 0.565077254784587 19.0731979709524 0.00183291787928113 15.9948687509457
0 0 0 0 0 0.00246852581462999 0.00299669599600385 48.0165930975055 0.00124938121738392 0.00191729642822805 24.0086899454534 1.50294936313115
0 0 0 0 0 16.0259814686521 0.565077254784587 0.00124938121738392 339.107789741816 153.274723930285 0.139824496298768 54.0842702584091
0 0 0 0 0 0.602774217640571 19.0731979709524 0.00191729642822805 153.274723930285 606.58009071796 0.797098819406059 35.7664688057735
0 0 0 0 0 0.00130009773532623 0.00183291787928113 24.0086899454534 0.139824496298768 0.797098819406059 1081.62569724455 26.5080259219392
0 0 0 0 0 26.0235409989924 15.9948687509457 1.50294936313115 54.0842702584091 35.7664688057735 26.5080259219392 948.062833728474
15
5
0.5 1 1.5 6 8
8.12681272187871 -0.380122041890671 0.0123883276705634 -0.605800758333177 0.0617760287158185 0 0 0 0 0 0 0
-0.380122041890666 0.720146099522523 0.00772819843500877 1.27959373740512 0.0251690022475363 0 0 0 0 0 0 0
0.0123883276705672 0.00772819843500933 2.44361906834514 0.00686351720781618 2.42604927910025 0 0 0 0 0 0 0
-0.605800758333177 1.27959373740512 0.00686351720781917 4.47857808091794 0.0297322870560114 0 0 0 0 0 0 0
0.0617760287158207 0.025169002247537 2.42604927910025 0.0297322870560063 22.7467333925905 0 0 0 0 0 0 0
0 0 0 0 0 33.0259073879465 0.892077961394709 0.000685205091050411 16.5516471050939 0.522246785364364 0.00301468815338572 25.0598227208661
0 0 0 0 0 0.892077961394709 38.921148961361 0.00181819700677903 0.480591034425936 19.5281765653810 0.00486957496573519 15.0893584945765
0 0 0 0 0 0.000685205091050411 0.00181819700677903 47.77019392394 0.000546991741532003 0.00226965684080246 23.8863339374927 2.00757956640721
0 0 0 0 0 16.5516471050939 0.480591034425936 0.000546991741532003 348.550616910345 143.475988286683 0.0409013558015266 57.6707693976847
0 0 0 0 0 0.522246785364364 19.5281765653810 0.00226965684080246 143.475988286683 623.085312093602 0.780343427952386 37.6704066091748
0 0 0 0 0 0.00301468815338572 0.00486957496573519 23.8863339374927 0.0409013558015266 0.780343427952386 1038.03304567450 34.6204692197507
0 0 0 0 0 25.0598227208661 15.0893584945765 2.00757956640721 57.6707693976847 37.6704066091748 34.6204692197507 939.960343342338
16
5
0.5 1 2 3 4
7.51848347170318 -0.557676906183812 0.181777753065263 -0.907321862326294 0.0359400474764245 0 0 0 0 0 0 0
-0.55767690618381 0.671091561638803 0.0443901792845299 1.19541142970753 0.0102296790445544 0 0 0 0 0 0 0
0.18177775306526 0.0443901792845316 2.44653522749833 0.0883617242752634 2.46103036040572 0 0 0 0 0 0 0
-0.907321862326285 1.19541142970753 0.0883617242752709 4.18394000397636 0.0273303791337661 0 0 0 0 0 0 0
0.0359400474764381 0.0102296790445545 2.46103036040573 0.0273303791337574 23.815514753177 0 0 0 0 0 0 0
0 0 0 0 0 28.2700357912339 1.91431204325669 0.06768606244413 14.1680683268214 1.01885876347966 0.0551451776064369 27.7444823639806
0 0 0 0 0 1.91431204325669 33.8021709106721 0.0491892694547609 0.986952374269171 16.9548397497577 0.0388959016894012 19.4783933741824
0 0 0 0 0 0.06768606244413 0.0491892694547609 47.8846124176477 0.0340227940807414 0.0246014665437567 23.9432187990226 1.31580354781595
0 0 0 0 0 14.1680683268214 0.986952374269171 0.0340227940807414 326.579019288389 182.883025880748 6.13517853518456 41.3432801121177
0 0 0 0 0 1.01885876347966 16.9548397497577 0.0246014665437567 182.883025880748 527.905214988353 5.17194016504276 30.9783011152183
0 0 0 0 0 0.0551451776064369 0.0388959016894012 23.9432187990226 6.13517853518456 5.17194016504276 1131.68618905747 12.5860078767907
0 0 0 0 0 27.7444823639806 19.4783933741824 1.31580354781595 41.3432801121177 30.9783011152183 12.5860078767907 983.406680252242
17
5
0.5 1 2 3 5
8.1408671542282 -0.402436296367061 0.117164709756950 -0.621717130930205 0.0533890649400322 0 0 0 0 0 0 0
-0.402436296367063 0.709701883739484 0.0287338126634361 1.2656184413601 0.0148576974507961 0 0 0 0 0 0 0
0.117164709756947 0.0287338126634365 2.45211783243141 0.0532802115895631 2.45742888165929 0 0 0 0 0 0 0
-0.621717130930216 1.26561844136010 0.0532802115895593 4.42966454476034 0.0314123584734435 0 0 0 0 0 0 0
0.05338906494003 0.0148576974507992 2.45742888165929 0.0314123584734417 23.8160784864224 0 0 0 0 0 0 0
0 0 0 0 0 33.1482863844715 1.00560201962978 0.0276412636177955 16.6328979400598 0.586311322911131 0.0179046086262884 24.2504337963366
0 0 0 0 0 1.00560201962978 37.8051891655706 0.0202997937774688 0.552995586213111 18.9734170411866 0.0125319280463692 16.4999838919514
0 0 0 0 0 0.0276412636177955 0.0202997937774688 48.1031479585982 0.0138320817936195 0.0103895432558951 24.0516918947911 1.15718396907938
0 0 0 0 0 16.6328979400598 0.552995586213111 0.0138320817936195 374.355473754362 150.355944107647 3.88148990755139 52.8854640032073
0 0 0 0 0 0.586311322911131 18.9734170411866 0.0103895432558951 150.355944107647 586.140433076636 3.45567398338504 37.9267295943791
0 0 0 0 0 0.0179046086262884 0.0125319280463692 24.0516918947911 3.88148990755139 3.45567398338504 1133.45273759148 13.9111782430994
0 0 0 0 0 24.2504337963366 16.4999838919514 1.15718396907938 52.8854640032073 37.9267295943791 13.9111782430994 944.24002260844
18
5
0.5 1 2 3 6
8.30474141770242 -0.365122532873443 0.108684631490209 -0.532966363853927 0.073978327060652 0 0 0 0 0 0 0
-0.36512253287344 0.71803496353675 0.0272676553128491 1.28594031873980 0.0204746602527456 0 0 0 0 0 0 0
0.108684631490207 0.0272676553128511 2.45132827351170 0.046854847742093 2.45421507008230 0 0 0 0 0 0 0
-0.532966363853906 1.28594031873979 0.0468548477420822 4.50079111558927 0.0409595952522458 0 0 0 0 0 0 0
0.0739783270606605 0.0204746602527408 2.45421507008229 0.040959595252255 23.7200344200298 0 0 0 0 0 0 0
0 0 0 0 0 34.5056330898080 0.839022273198494 0.0236249220105069 17.3371770487729 0.529356583797677 0.0131832238464154 22.6772741572117
0 0 0 0 0 0.839022273198494 38.7053241276393 0.0182223288790446 0.490640826260390 19.4455988007161 0.00982007770881353 15.5418649053065
0 0 0 0 0 0.0236249220105069 0.0182223288790446 48.0721394148804 0.0120860885183015 0.00988510618599446 24.036103881171 1.24364231587549
0 0 0 0 0 17.3371770487729 0.490640826260390 0.0120860885183015 395.35222254512 140.455128538786 3.64354493010112 55.8547611613944
0 0 0 0 0 0.529356583797677 19.4455988007161 0.00988510618599446 140.455128538786 600.772456473675 3.58315884084319 39.9528176497216
0 0 0 0 0 0.0131832238464154 0.00982007770881353 24.036103881171 3.64354493010112 3.58315884084319 1124.78558124975 15.6302671207142
0 0 0 0 0 22.6772741572117 15.5418649053065 1.24364231587549 55.8547611613944 39.9528176497216 15.6302671207142 934.272609129114
19
5
0.5 1 2 3 8
7.89253594124959 -0.476204464980336 0.170622839005389 -0.64996535577692 0.106991939531380 0 0 0 0 0 0 0
-0.476204464980335 0.688161168359744 0.0438304730399483 1.25392742986725 0.0295060763719262 0 0 0 0 0 0 0
0.170622839005394 0.0438304730399469 2.44176712198563 0.0719012530313582 2.45006945250591 0 0 0 0 0 0 0
-0.649965355776923 1.25392742986725 0.0719012530313548 4.38874600453539 0.06711239636259 0 0 0 0 0 0 0
0.106991939531391 0.0295060763719262 2.45006945250591 0.0671123963625951 23.4580796458731 0 0 0 0 0 0 0
0 0 0 0 0 31.2165816911151 1.45623607861928 0.0583659323145113 15.7279056449722 0.88546513998692 0.0352298787623156 25.0347169002657
0 0 0 0 0 1.45623607861928 35.592617728667 0.0472516833674091 0.829134617664655 17.9304336255006 0.0277843238489455 18.1448891714716
0 0 0 0 0 0.0583659323145113 0.0472516833674091 47.6979286071089 0.0302483029681209 0.025699079511777 23.8492770963424 1.73390132586282
0 0 0 0 0 15.7279056449722 0.829134617664655 0.0302483029681209 363.625569014651 165.261492556384 6.11078121901129 46.6595225692056
0 0 0 0 0 0.88546513998692 17.9304336255006 0.025699079511777 165.261492556384 544.842081869972 6.52682271395437 34.8419729073196
0 0 0 0 0 0.0352298787623156 0.0277843238489455 23.8492770963424 6.11078121901129 6.52682271395437 1099.12119160872 18.2831270855978
0 0 0 0 0 25.0347169002657 18.1448891714716 1.73390132586282 46.6595225692056 34.8419729073196 18.2831270855978 964.499460534646
20
5
0.5 1 2 4 5
8.09685125381637 -0.404187975437819 0.0850438695973384 -0.651405529543182 0.0266955163135193 0 0 0 0 0 0 0
-0.404187975437811 0.71147897193076 0.0203670870282831 1.26208886408112 0.00818358229733524 0 0 0 0 0 0 0
0.0850438695973608 0.0203670870282805 2.45602094963677 0.0396011954365903 2.45742106473179 0 0 0 0 0 0 0
-0.65140552954317 1.26208886408112 0.0396011954365976 4.41731102428394 0.0163925684297901 0 0 0 0 0 0 0
0.0266955163135286 0.00818358229734126 2.45742106473179 0.0163925684297975 23.8918160667826 0 0 0 0 0 0 0
0 0 0 0 0 32.7834728968947 1.00688336634772 0.0147498819178137 16.4322768047546 0.566394105292308 0.0108134192993546 24.9301070573383
0 0 0 0 0 1.00688336634772 37.9880744376667 0.0102884230781814 0.538267048744234 19.0468488309023 0.0069768249665789 16.2605782713519
0 0 0 0 0 0.0147498819178137 0.0102884230781814 48.256356807085 0.00740952148947688 0.00518520955528323 24.128193253721 0.94194438116038
0 0 0 0 0 16.4322768047546 0.538267048744234 0.00740952148947688 361.222861271135 151.515883772236 2.05915897880808 53.5580844173706
0 0 0 0 0 0.566394105292308 19.0468488309023 0.00518520955528323 151.515883772236 595.879039614463 1.73008200747465 37.2520705028326
0 0 0 0 0 0.0108134192993546 0.0069768249665789 24.128193253721 2.05915897880808 1.73008200747465 1141.39637289913 13.8689736155341
0 0 0 0 0 24.9301070573383 16.2605782713519 0.94194438116038 53.5580844173706 37.2520705028326 13.8689736155341 944.28370679758
21
5
0.5 1 2 4 6
8.28607746488838 -0.360242826820165 0.0746270415818565 -0.557061327656037 0.0425898713206666 0 0 0 0 0 0 0
-0.360242826820155 0.721577908028152 0.0183183244503927 1.28378595990851 0.0125206177405027 0 0 0 0 0 0 0
0.07462704158186 0.0183183244503927 2.45544901139813 0.0331090387395226 2.45473888706094 0 0 0 0 0 0 0
-0.55706132765603 1.28378595990852 0.0331090387395245 4.49325085967981 0.0233980723464668 0 0 0 0 0 0 0
0.0425898713206677 0.0125206177405001 2.45473888706094 0.0233980723464592 23.8069399475745 0 0 0 0 0 0 0
0 0 0 0 0 34.3383175790857 0.805635668704222 0.0111833749006465 17.2270459009069 0.482657741030874 0.00661818400532785 23.2183678127308
0 0 0 0 0 0.805635668704222 39.0777017349545 0.00823009790447885 0.451198048384947 19.6052015669052 0.00452757011091642 15.1221099944088
0 0 0 0 0 0.0111833749006465 0.00823009790447885 48.2338674272699 0.00560706997203962 0.00432552978518213 24.1169361876677 1.00992776289779
0 0 0 0 0 17.2270459009069 0.451198048384947 0.00560706997203962 383.030336831730 139.976512546831 1.74838674706992 57.3212002153013
0 0 0 0 0 0.482657741030874 19.6052015669052 0.00432552978518213 139.976512546831 614.995245245122 1.66649689437457 39.5234815727319
0 0 0 0 0 0.00661818400532785 0.00452757011091642 24.1169361876677 1.74838674706992 1.66649689437457 1133.70081058028 15.521534013282
0 0 0 0 0 23.2183678127308 15.1221099944088 1.00992776289779 57.3212002153013 39.5234815727319 15.521534013282 932.433766967296
22
5
0.5 1 2 4 8
8.12983638911466 -0.403517478077654 0.102281202832908 -0.595328341598583 0.0665303074421839 0 0 0 0 0 0 0
-0.403517478077662 0.70969436454855 0.0257104866501841 1.27255453392737 0.0190236355808672 0 0 0 0 0 0 0
0.102281202832905 0.0257104866501853 2.45101032732222 0.0443108899579406 2.45178569726078 0 0 0 0 0 0 0
-0.595328341598598 1.27255453392737 0.0443108899579396 4.45394086874578 0.039108416957431 0 0 0 0 0 0 0
0.0665303074421751 0.0190236355808681 2.45178569726078 0.0391084169574353 23.6215549727143 0 0 0 0 0 0 0
0 0 0 0 0 33.0706420197912 1.02187678155935 0.0209241634169971 16.6140612660602 0.617505822350956 0.0119492705332891 24.2691683860793
0 0 0 0 0 1.02187678155935 37.813621318812 0.0161989395643753 0.576258969092095 18.9956103889698 0.00881619085519188 16.3863929766000
0 0 0 0 0 0.0209241634169971 0.0161989395643753 48.0596628208123 0.0106252612190783 0.00871132007742398 24.0298356673118 1.28814183637266
0 0 0 0 0 16.6140612660602 0.576258969092095 0.0106252612190783 371.078215593009 150.705465641337 2.72643498843318 53.2190450848374
0 0 0 0 0 0.617505822350956 18.9956103889698 0.00871132007742398 150.705465641337 587.330745022224 2.86410394492500 37.7765463502114
0 0 0 0 0 0.0119492705332891 0.00881619085519188 24.0298356673118 2.72643498843318 2.86410394492500 1115.85647822033 18.0469415346210
0 0 0 0 0 24.2691683860793 16.3863929766000 1.28814183637266 53.2190450848374 37.7765463502114 18.0469415346210 944.65482744085
23
5
0.5 1 2 5 6
8.42454422912484 -0.321625612858104 0.0463742871229477 -0.507611148605808 0.0373917568273768 0 0 0 0 0 0 0
-0.321625612858112 0.731950089685527 0.0119197909841363 1.29753352839707 0.0121036045161406 0 0 0 0 0 0 0
0.0463742871229422 0.0119197909841376 2.45593409126854 0.0205259164722302 2.45137470147893 0 0 0 0 0 0 0
-0.507611148605821 1.29753352839708 0.0205259164722235 4.54136734938977 0.0183483030935744 0 0 0 0 0 0 0
0.0373917568273526 0.0121036045161498 2.45137470147893 0.0183483030935939 23.7261274428572 0 0 0 0 0 0 0
0 0 0 0 0 35.490443131541 0.639690105897884 0.00430404149856329 17.7932095919093 0.388623081998625 0.0022683114962115 22.0412194914569
0 0 0 0 0 0.639690105897884 40.2048304584878 0.00348188565930933 0.360457550122702 20.1601166306213 0.00176634246870262 13.8048566819004
0 0 0 0 0 0.00430404149856329 0.00348188565930933 48.2529084155499 0.00218238141793701 0.00198293767345156 24.1265373810217 1.01859523763377
0 0 0 0 0 17.7932095919093 0.360457550122702 0.00218238141793701 395.046963182895 128.697373176923 0.69312773016932 61.6624703404231
0 0 0 0 0 0.388623081998625 20.1601166306213 0.00198293767345156 128.697373176923 643.282929590118 0.884364116391645 41.0613213260399
0 0 0 0 0 0.0022683114962115 0.00176634246870262 24.1265373810217 0.69312773016932 0.884364116391645 1126.73697497430 17.6453627578303
0 0 0 0 0 22.0412194914569 13.8048566819004 1.01859523763377 61.6624703404231 41.0613213260399 17.6453627578303 921.365701770852
24
5
0.5 1 2 5 8
8.37661845845936 -0.337690843988306 0.063351384271929 -0.508624041668756 0.0641343984735526 0 0 0 0 0 0 0
-0.337690843988306 0.726869705522946 0.0167569457859587 1.29556228230273 0.0195715007534689 0 0 0 0 0 0 0
0.0633513842719265 0.0167569457859611 2.45215213706006 0.0269783187158315 2.44728728620898 0 0 0 0 0 0 0
-0.508624041668757 1.29556228230273 0.026978318715829 4.53446798805955 0.033018322083149 0 0 0 0 0 0 0
0.0641343984735701 0.0195715007534679 2.44728728620899 0.0330183220831497 23.5108955013023 0 0 0 0 0 0 0
0 0 0 0 0 35.0951743022713 0.71202310809065 0.00805020272652178 17.6138431685195 0.448442323621143 0.00403335637687378 22.3377907984026
0 0 0 0 0 0.71202310809065 39.6555548395665 0.00692352554208493 0.411780800597925 19.9058649215249 0.00356377256467978 14.445784004385
0 0 0 0 0 0.00805020272652178 0.00692352554208493 48.104416762186 0.00420380496061943 0.00415269969285377 24.0523058881729 1.28776904562431
0 0 0 0 0 17.6138431685195 0.411780800597925 0.00420380496061943 392.910672422061 133.128765094275 1.15125344556775 59.8055843680819
0 0 0 0 0 0.448442323621143 19.9058649215249 0.00415269969285377 133.128765094275 626.609555848155 1.66202921872848 40.7989193483940
0 0 0 0 0 0.00403335637687378 0.00356377256467978 24.0523058881729 1.15125344556775 1.66202921872848 1106.46507422437 21.0113442195021
0 0 0 0 0 22.3377907984026 14.445784004385 1.28776904562431 59.8055843680819 40.7989193483940 21.0113442195021 926.40987489826
25
5
0.5 1 2 6 8
8.4953070335678 -0.309716537845687 0.0554217192033085 -0.454130456692037 0.0878893924718716 0 0 0 0 0 0 0
-0.309716537845689 0.733144161927014 0.015988508185461 1.30834657811945 0.0271872010303101 0 0 0 0 0 0 0
0.0554217192033033 0.0159885081854622 2.44895138432482 0.0222362508915619 2.44009462811824 0 0 0 0 0 0 0
-0.454130456692051 1.30834657811945 0.0222362508915663 4.57921302341809 0.0418099837522643 0 0 0 0 0 0 0
0.0878893924718677 0.0271872010303099 2.44009462811823 0.041809983752257 23.2504974425670 0 0 0 0 0 0 0
0 0 0 0 0 36.0977926088993 0.602980043187397 0.00640384509521716 18.1236587585403 0.407542617951141 0.00425665662617977 21.0783930516947
0 0 0 0 0 0.602980043187397 40.3450612141601 0.00652690871254184 0.365915439392459 20.2646712415184 0.0047997379938525 13.6120264972881
0 0 0 0 0 0.00640384509521716 0.00652690871254184 47.9789091237812 0.00382069860889024 0.00487511294612599 23.9897806685053 1.54685835461163
0 0 0 0 0 18.1236587585403 0.365915439392459 0.00382069860889024 409.419897787617 124.321579629382 0.841480159362956 62.6292197154112
0 0 0 0 0 0.407542617951141 20.2646712415184 0.00487511294612599 124.321579629382 640.836154653638 1.83353215032637 42.429890119672
0 0 0 0 0 0.00425665662617977 0.0047997379938525 23.9897806685053 0.841480159362956 1.83353215032637 1082.84172725922 25.5377331648455
0 0 0 0 0 21.0783930516947 13.6120264972881 1.54685835461163 62.6292197154112 42.429890119672 25.5377331648455 918.62659227462
26
5
0.5 1 3 4 5
7.57299893111369 -0.541563841241275 0.0983723969282185 -0.85942531967882 -0.00345737445252215 0 0 0 0 0 0 0
-0.541563841241271 0.675766278605803 0.0232039098175349 1.20776023196422 -0.000513972847402631 0 0 0 0 0 0 0
0.0983723969282194 0.0232039098175354 2.45695144182986 0.0476741477894578 2.45985042139248 0 0 0 0 0 0 0
-0.859425319678814 1.20776023196422 0.0476741477894582 4.22716081187477 0.00425959104014598 0 0 0 0 0 0 0
-0.00345737445251823 -0.000513972847402623 2.45985042139249 0.00425959104014348 23.9889785849804 0 0 0 0 0 0 0
0 0 0 0 0 28.6884852171169 1.81200759672828 0.0200732833812070 14.3888549144566 0.976426099217629 0.0204432100252653 27.7387888709280
0 0 0 0 0 1.81200759672828 34.2792959006982 0.0135908995236244 0.944230898580551 17.1987298892322 0.0137011056053785 19.2441227253246
0 0 0 0 0 0.0200732833812070 0.0135908995236244 48.2929408258171 0.0101780624889369 0.00680317670964238 24.1465230600029 0.833183445708594
0 0 0 0 0 14.3888549144566 0.944230898580551 0.0101780624889369 324.876776826567 182.569775158396 2.10443560498245 42.8149717997204
0 0 0 0 0 0.976426099217629 17.1987298892322 0.00680317670964238 182.569775158396 531.881587676979 1.40218618751959 32.0800346834274
0 0 0 0 0 0.0204432100252653 0.0137011056053785 24.1465230600029 2.10443560498245 1.40218618751959 1150.40657146695 12.2252074730692
0 0 0 0 0 27.7387888709280 19.2441227253246 0.833183445708594 42.8149717997204 32.0800346834274 12.2252074730692 978.291414952763
27
5
0.5 1 3 4 6
7.90163903388631 -0.46283063008782 0.0828322427257907 -0.69769232920258 0.0158779368426238 0 0 0 0 0 0 0
-0.462830630087826 0.694581695643018 0.019693505119895 1.24613422723456 0.00445662252399026 0 0 0 0 0 0 0
0.0828322427257938 0.0196935051198962 2.45699925231918 0.0377530712917101 2.4577100655203 0 0 0 0 0 0 0
-0.697692329202592 1.24613422723456 0.0377530712917101 4.36146979532096 0.0130024942563005 0 0 0 0 0 0 0
0.0158779368426178 0.00445662252399257 2.45771006552029 0.0130024942562966 23.9345748994633 0 0 0 0 0 0 0
0 0 0 0 0 31.2428881830456 1.33725486393722 0.0139144366339348 15.6938786627497 0.764417748377833 0.0114523682664939 25.8713998352502
0 0 0 0 0 1.33725486393722 36.2213214673074 0.00958849970930309 0.728514007489447 18.1896048144179 0.00765289468391024 17.8939274961721
0 0 0 0 0 0.0139144366339348 0.00958849970930309 48.2947965734769 0.00696505290334448 0.00482391114407402 24.1474044294762 0.870787896012286
0 0 0 0 0 15.6938786627497 0.728514007489447 0.00696505290334448 351.234444234140 166.353265651461 1.79539876655555 48.260624270056
