1
13
0.04166667 1 2 2.041667 3 4 5 6 7 8 9 10 2
1.19402720069274e-06 -0.0084476300790017 -0.000381116746671688 -5.01369365523014e-06 -4.271623896847e-05 0 0 0 0 0 0 0 0
-0.0084476300790017 61.4620868515611 2.74580342337584 0.0361684379456296 0.617861778330098 0 0 0 0 0 0 0 0
-0.000381116746671687 2.74580342337584 1.43903583988629 -0.0312712677570821 0.0284217492635555 0 0 0 0 0 0 0 0
-5.01369365523016e-06 0.0361684379456297 -0.0312712677570821 0.000843758676083221 0.000409989181894784 0 0 0 0 0 0 0 0
-4.27162389684707e-05 0.617861778330102 0.0284217492635558 0.000409989181894785 0.259113637151931 0 0 0 0 0 0 0 0
0 0 0 0 0 1.14056076479532e-11 5.70899631613234e-06 2.90499949187223e-07 8.04387970191842e-08 1.31376749156028e-07 1.41009859928318e-07 1.11457807933366e-05 9.97875704667595e-08
0 0 0 0 0 5.70899631613234e-06 3.02207049611908 0.15078872879645 0.0418609889096595 0.274862287527289 0.0651255263580468 5.35661956183401 0.0545172627145812
0 0 0 0 0 2.90499949187223e-07 0.15078872879645 1.03541207423862 0.7823137497081 0.0145403249616075 0.00334646045229209 0.269042755282235 0.219504518370129
0 0 0 0 0 8.04387970191842e-08 0.0418609889096595 0.7823137497081 0.91126874043611 0.00484102452299778 0.000920427454066123 0.0739283825577499 0.150807771445610
0 0 0 0 0 1.31376749156028e-07 0.274862287527289 0.0145403249616075 0.00484102452299778 43.5066402688504 0.0246528004842216 2.50074451300245 0.0431133794170578
0 0 0 0 0 1.41009859928318e-07 0.0651255263580468 0.00334646045229209 0.000920427454066123 0.0246528004842216 0.0654194134716245 5.73230597885902 0.00100874996654545
0 0 0 0 0 1.11457807933366e-05 5.35661956183401 0.269042755282235 0.0739283825577499 2.50074451300245 5.73230597885902 511.379122440199 0.0795803568228080
0 0 0 0 0 9.97875704667595e-08 0.0545172627145812 0.219504518370129 0.150807771445610 0.0431133794170578 0.00100874996654545 0.0795803568228080 0.0486021352059638
2
13
0.04166667 1 2 2.041667 3 4 5 6 7 8 9 10 2
1.65486972477645 1.19472488234361 -0.353934671951136 -0.00630501899703305 -0.0180430518695737 0 0 0 0 0 0 0 0
1.19472488234351 9.8977212748485 0.818828542060468 0.00399091143969456 0.31368250340526 0 0 0 0 0 0 0 0
-0.353934671951105 0.818828542060493 2.72983040736578 -0.0145327994211848 0.0331678322589463 0 0 0 0 0 0 0 0
-0.00630501899703419 0.00399091143969514 -0.0145327994211850 0.00106799654842083 0.000718721695095428 0 0 0 0 0 0 0 0
-0.0180430518696115 0.313682503405265 0.0331678322589348 0.000718721695095293 0.262660589057508 0 0 0 0 0 0 0 0
0 0 0 0 0 21.9087504478536 0.114189403559266 0.250539504018286 0.127210446569459 0.0234397238953505 176.791675519518 8.9591819344226 5.66006807459388
0 0 0 0 0 0.114189403559266 0.078371909147671 0.0134096036258576 0.000509675971824309 0.0708456333186669 0.283203805213321 1.33268274212688 0.623889560529496
0 0 0 0 0 0.250539504018286 0.0134096036258576 3.72598702648944 0.168961807213084 0.0198018917416091 4.481715779042 2.7319592805296 0.72287902811109
0 0 0 0 0 0.127210446569459 0.000509675971824309 0.168961807213084 1.45998928312171 0.0148769532000310 1.17061296943956 0.683551528358043 7.54969341773443e-05
0 0 0 0 0 0.0234397238953505 0.0708456333186669 0.0198018917416091 0.0148769532000310 44.705899108536 0.627713762933367 1.59838338812910 1.33187444320094
0 0 0 0 0 176.791675519518 0.283203805213321 4.481715779042 1.17061296943956 0.627713762933367 19438.6659470731 686.128971494821 5.41146455907572
0 0 0 0 0 8.9591819344226 1.33268274212688 2.7319592805296 0.683551528358043 1.59838338812910 686.128971494821 340.969118335608 14.0563353183146
0 0 0 0 0 5.66006807459388 0.623889560529496 0.72287902811109 7.54969341773443e-05 1.33187444320094 5.41146455907572 14.0563353183146 19.7319384065611
