1
30
0.006944444 0.04166667 0.25 0.5 2 4 7 14 21 35 49 63 77 91 0.006944444 7 35 77 91 0.5 2 4 7 14 21 35 49 63 77 91
438.30193235616 9.28806121459156 -0.675712581374425 -0.00287373898305765 0.163842659219774 0 0 0 0 0 0 0 0
9.2880611157091 108.907084681444 1.40556707312434 0.0175354429587754 0.0192403671411574 0 0 0 0 0 0 0 0
-0.675712564732235 1.40556706764671 3.83240290877966 -0.00183127922650478 -0.00594926313645816 0 0 0 0 0 0 0 0
-0.00287373879870822 0.0175354428981648 -0.00183127922651681 0.00122764593371031 -7.13445894008204e-05 0 0 0 0 0 0 0 0
0.16384265959665 0.0192403668304195 -0.00594926310502219 -7.13445890518371e-05 0.0914622793814625 0 0 0 0 0 0 0 0
0 0 0 0 0 153.686867125715 0.0690144641660547 0.00913174962762818 0.000264268006736577 0.0193279802700399 6.02812655035117 2.48437053374414 6.65295501636648
0 0 0 0 0 0.0690144641660547 9.48860247504878 0.0395123757870674 0.0098397362784616 0.0002665380396197 0.741174707398572 9.32729462719169e-05 3.75940834672295
0 0 0 0 0 0.00913174962762818 0.0395123757870674 7.34365602761125 0.00268286688436898 0.000637087170222787 0.2072320845991 0.139058940073195 0.854393390779468
0 0 0 0 0 0.000264268006736577 0.0098397362784616 0.00268286688436898 1.92910660935050 0.000146593451936346 0.047973208346535 0.000922519763145578 0.200482800126336
0 0 0 0 0 0.0193279802700399 0.0002665380396197 0.000637087170222787 0.000146593451936346 5.42074586017515 0.165383464521063 0.000657190664633083 0.0454757935446671
0 0 0 0 0 6.02812655035117 0.741174707398572 0.2072320845991 0.047973208346535 0.165383464521063 393.017354968966 0.592724732979516 37.39017817606
0 0 0 0 0 2.48437053374414 9.32729462719169e-05 0.139058940073195 0.000922519763145578 0.000657190664633083 0.592724732979516 840.171946332653 45.0841522937505
0 0 0 0 0 6.65295501636648 3.75940834672295 0.854393390779468 0.200482800126336 0.0454757935446671 37.39017817606 45.0841522937505 1556.04910373344
